Date,Open,High,Low,Close,Volume,Symbol
2021-03-31 04:00:00+00:00,38.85140136280359,39.643200610709336,38.70461022800096,38.80691909790039,1527600,RPRX
2021-04-01 04:00:00+00:00,39.242843936504734,39.99015734476868,37.86387369574273,38.264217376708984,2900000,RPRX
2021-04-05 04:00:00+00:00,38.42436091843304,38.86029520745158,37.9439477636067,37.98843002319336,1088800,RPRX
2021-04-06 04:00:00+00:00,37.77491851823762,38.19750855928761,37.46353924064675,37.819400787353516,1352800,RPRX
2021-04-07 04:00:00+00:00,37.67704504359648,37.7927016262546,36.84966217107812,36.98311233520508,984500,RPRX
2021-04-08 04:00:00+00:00,37.16104601999218,37.49911729184087,37.0631830154745,37.312286376953125,1065800,RPRX
2021-04-09 04:00:00+00:00,37.3122842596791,37.72152983660133,36.856781480791085,37.64146041870117,1063400,RPRX
2021-04-12 04:00:00+00:00,37.65035790017055,37.69484015876318,36.52049088426812,36.68062973022461,1590700,RPRX
2021-04-13 04:00:00+00:00,36.4760127086597,37.00980665907964,35.98670102181156,36.85856628417969,677600,RPRX
2021-04-14 04:00:00+00:00,36.69842516939493,38.13077636749595,36.69130841491345,37.47242736816406,2581300,RPRX
2021-04-15 04:00:00+00:00,37.810503294561116,38.2286440640633,36.89415571249056,37.05429458618164,812200,RPRX
2021-04-16 04:00:00+00:00,37.25001907348633,37.38346927273595,36.814088090992726,37.25001907348633,833600,RPRX
2021-04-19 04:00:00+00:00,37.33898132985949,37.69484281747914,37.027598710190894,37.161048889160156,902800,RPRX
2021-04-20 04:00:00+00:00,37.10767429865197,37.58809095015514,36.17531141264404,36.86746597290039,811700,RPRX
2021-04-21 04:00:00+00:00,36.85857393939009,38.13434330699854,36.699324212575824,38.05961227416992,891100,RPRX
2021-04-22 04:00:00+00:00,38.1485796634173,38.78023675204314,37.374573873803286,38.44216537475586,1656100,RPRX
2021-04-23 04:00:00+00:00,38.44215454452597,39.18501880117832,38.38877719047312,38.79801940917969,931700,RPRX
2021-04-26 04:00:00+00:00,39.144987955351915,40.07023393971266,38.92702249540411,39.981266021728516,949100,RPRX
2021-04-27 04:00:00+00:00,40.13250270270229,40.168089863615414,39.31401497059274,39.741050720214844,1794700,RPRX
2021-04-28 04:00:00+00:00,39.54533824562199,40.577342419827275,39.48306239497179,40.11471939086914,1091800,RPRX
2021-04-29 04:00:00+00:00,40.16809632694193,40.25706084976129,38.7446402053791,39.41188430786133,781500,RPRX
2021-04-30 04:00:00+00:00,39.29622938766525,39.927889744203476,39.12719542959398,39.144989013671875,1045500,RPRX
2021-05-03 04:00:00+00:00,39.30513541437472,39.652101885985616,38.522234533701535,39.00265121459961,1341700,RPRX
2021-05-04 04:00:00+00:00,38.717957296322034,38.98485429832717,37.605883626484356,37.77491760253906,1079100,RPRX
2021-05-05 04:00:00+00:00,37.721531166938114,38.14856694620648,37.012472378210866,37.196632385253906,1778400,RPRX
2021-05-06 04:00:00+00:00,36.965325808690345,37.19485728402148,35.86215069730704,36.5204963684082,1532900,RPRX
2021-05-07 04:00:00+00:00,36.315863969226825,37.4546258971358,35.89772333904477,36.44931411743164,1481500,RPRX
2021-05-10 04:00:00+00:00,36.645048773389455,36.974225009049604,35.78208195041663,36.911949157714844,2312500,RPRX
2021-05-11 04:00:00+00:00,35.92443004439035,37.65036721893023,35.60415227320612,37.08098602294922,3059600,RPRX
2021-05-12 04:00:00+00:00,37.12546546991436,37.96174361370705,35.96001108977636,36.102359771728516,1991500,RPRX
2021-05-13 04:00:00+00:00,36.15573656606242,36.5382901583546,34.972492013035854,35.74649429321289,1438000,RPRX
2021-05-14 04:00:00+00:00,35.94222363176639,36.533844265671576,35.80877342917686,36.235809326171875,948500,RPRX
2021-05-17 04:00:00+00:00,36.20022008767147,36.974225788484524,36.06677328647501,36.92084503173828,981200,RPRX
2021-05-18 04:00:00+00:00,36.75181380006624,37.29450292878213,36.52050056402893,36.94753646850586,1026100,RPRX
2021-05-19 04:00:00+00:00,35.55396260411291,36.30434789519476,35.37529879047841,35.74155807495117,1860400,RPRX
2021-05-20 04:00:00+00:00,35.51823414103513,36.87607454426503,35.51823414103513,36.268619537353516,1790600,RPRX
2021-05-21 04:00:00+00:00,36.48300429564125,36.63486629134915,35.92914965287109,36.357940673828125,1240700,RPRX
2021-05-24 04:00:00+00:00,36.1435371938413,36.634859940531896,36.04527196295768,36.37580108642578,1069000,RPRX
2021-05-25 04:00:00+00:00,36.23288472050624,36.50981039663707,35.750493441936065,35.92915725708008,1001100,RPRX
2021-05-26 04:00:00+00:00,35.98275116249577,36.04528298167757,35.43782810300122,35.59862518310547,1295100,RPRX
2021-05-27 04:00:00+00:00,35.69689548277167,35.96488951819754,35.16090741191995,35.884490966796875,2637500,RPRX
2021-05-28 04:00:00+00:00,36.03635521959783,36.43834796330226,35.741559404971596,35.83982467651367,841500,RPRX
2021-06-01 04:00:00+00:00,35.94702752798644,36.09888957082663,35.5807682042628,35.982757568359375,755900,RPRX
2021-06-02 04:00:00+00:00,37.39418812038526,38.38576889038086,36.78673329566234,38.38576889038086,3228600,RPRX
2021-06-03 04:00:00+00:00,38.32324205668868,39.06469226079296,37.849782453474965,39.02002716064453,2248800,RPRX
2021-06-04 04:00:00+00:00,39.30588776301456,40.53866428792769,38.72523123978764,40.38679885864258,3665000,RPRX
2021-06-07 04:00:00+00:00,40.690527558791665,42.0751661477733,40.440400264911545,41.50344467163086,6617500,RPRX
2021-06-08 04:00:00+00:00,41.557047337015916,41.9411733658483,41.03892258827308,41.48558044433594,2987400,RPRX
2021-06-09 04:00:00+00:00,41.57491056530601,41.87863801820591,40.37786747537451,41.083587646484375,2810100,RPRX
2021-06-10 04:00:00+00:00,41.02105109799978,41.85183488634868,40.90492252248375,41.65530776977539,1262400,RPRX
2021-06-11 04:00:00+00:00,41.52130775522112,41.565972852681604,39.716809874443875,40.10987091064453,2336300,RPRX
2021-06-14 04:00:00+00:00,40.21706881486355,40.54580898369323,39.7168108509128,39.8597412109375,1088200,RPRX
2021-06-15 04:00:00+00:00,39.779338957374456,39.81507239597736,39.149553288707494,39.32374954223633,1022400,RPRX
2021-06-16 04:00:00+00:00,39.5024120071025,39.74807172189738,38.62696323696391,38.957489013671875,1388600,RPRX
2021-06-17 04:00:00+00:00,38.81455754175507,39.43987904728564,38.58229361309009,39.42201232910156,1850000,RPRX
2021-06-18 04:00:00+00:00,39.22548428994247,39.779338957374456,38.251770238247,39.32374954223633,7106700,RPRX
2021-06-21 04:00:00+00:00,39.33268643624651,39.35055315792741,37.95698294410471,38.484039306640625,2311100,RPRX
2021-06-22 04:00:00+00:00,38.68055603827372,39.01108178125389,38.157967348481876,38.90388488769531,1659100,RPRX
2021-06-23 04:00:00+00:00,39.225479898465295,39.47560712522619,37.30485038518592,37.6889762878418,3944300,RPRX
2021-06-24 04:00:00+00:00,37.78724922217817,38.83243024685322,37.706850681818544,38.439369201660156,2637300,RPRX
2021-06-25 04:00:00+00:00,38.56442928817101,38.8860234199861,37.733648991286366,38.037376403808594,4207400,RPRX
2021-06-28 04:00:00+00:00,38.180309231655045,38.35003796437509,37.07259641760791,37.42992401123047,2003300,RPRX
2021-06-29 04:00:00+00:00,37.43885427757744,37.571063914754056,36.52677918979532,36.742069244384766,2577600,RPRX
2021-06-30 04:00:00+00:00,36.617008209228516,37.090464390192516,36.37581258655008,36.617008209228516,2154500,RPRX
2021-07-01 04:00:00+00:00,36.61701189720625,38.00165054517006,36.61701189720625,37.715789794921875,1935100,RPRX
2021-07-02 04:00:00+00:00,37.760456218271386,38.108848806832796,37.67112260086521,37.73365783691406,1254900,RPRX
2021-07-06 04:00:00+00:00,37.78725467967242,38.31431109643356,37.09046950107361,37.14406967163086,1815500,RPRX
2021-07-07 04:00:00+00:00,37.206589885048466,37.55498236558782,36.81352890579135,37.43885040283203,1632500,RPRX
2021-07-08 04:00:00+00:00,36.65273440692503,37.876579113266246,36.65273440692503,36.965396881103516,2951900,RPRX
2021-07-09 04:00:00+00:00,37.072601350441175,37.51032754048567,36.96540442118231,37.31379699707031,825700,RPRX
2021-07-12 04:00:00+00:00,37.42992501609903,37.635387195243,37.0189972500825,37.26019287109375,3630300,RPRX
2021-07-13 04:00:00+00:00,37.24233010574511,37.55499264369945,37.108334796103776,37.31379699707031,1236800,RPRX
2021-07-14 04:00:00+00:00,37.394182562493015,37.57284632104409,36.19713981024688,36.62593078613281,1904100,RPRX
2021-07-15 04:00:00+00:00,36.53660706503558,36.733134167203964,35.31276231778746,35.8040885925293,1155900,RPRX
2021-07-16 04:00:00+00:00,35.991685069288444,36.340077595733675,35.57182566166037,36.22394561767578,1320300,RPRX
2021-07-19 04:00:00+00:00,36.027417275029975,36.07208237037412,35.48249425173777,35.589691162109375,1608300,RPRX
2021-07-20 04:00:00+00:00,35.73261664272033,36.911792719311876,35.616484684467686,36.83139419555664,1467000,RPRX
2021-07-21 04:00:00+00:00,36.831403291578106,37.33166127490381,36.69740799071265,36.902870178222656,1214500,RPRX
2021-07-22 04:00:00+00:00,36.84033697725662,36.85820029052038,35.92021958865803,36.05421829223633,1074900,RPRX
2021-07-23 04:00:00+00:00,36.16141916916116,36.25075278390251,35.795159868044024,36.02742385864258,1001100,RPRX
2021-07-26 04:00:00+00:00,35.92021572146154,36.125677879160435,35.33062762310395,35.46462631225586,1409400,RPRX
2021-07-27 04:00:00+00:00,35.294896684677106,35.42889538331928,34.50878143634364,35.01797103881836,1567600,RPRX
2021-07-28 04:00:00+00:00,35.0090331300478,35.16089853668399,33.76732513341154,34.4194450378418,2007800,RPRX
2021-07-29 04:00:00+00:00,34.446248194970515,34.73210889304261,34.088920618516234,34.16931915283203,4509600,RPRX
2021-07-30 04:00:00+00:00,34.23184976863939,34.61597570716946,33.88792479972341,34.12465286254883,6972500,RPRX
2021-08-02 04:00:00+00:00,34.24078451392072,34.35691307455335,33.13753933381359,33.24026870727539,6777500,RPRX
2021-08-03 04:00:00+00:00,33.329615085877336,33.767337937424365,32.70429331879495,33.66014099121094,2125900,RPRX
2021-08-04 04:00:00+00:00,33.45466873281381,33.78519453910296,32.722150239022476,32.82041549682617,2053200,RPRX
2021-08-05 04:00:00+00:00,32.89187505508729,33.633328524636944,32.43628566863403,33.2760009765625,2549500,RPRX
2021-08-06 04:00:00+00:00,33.42786567842086,33.48861184359823,32.95440953542281,33.04374313354492,2170100,RPRX
2021-08-09 04:00:00+00:00,33.0526744575828,33.23133824430459,32.74894704247426,32.856143951416016,2566800,RPRX
2021-08-10 04:00:00+00:00,32.86508170975055,32.94548024998115,32.2218933879057,32.543487548828125,1983400,RPRX
2021-08-11 04:00:00+00:00,33.22239542106705,33.43679259660277,31.757358846043374,32.77573776245117,4279800,RPRX
2021-08-12 04:00:00+00:00,33.088405733877345,33.543995122899545,32.82934343044899,33.40999984741211,1898100,RPRX
2021-08-13 04:00:00+00:00,33.54399759696506,34.89290596070041,33.41000231159469,34.59811019897461,3924900,RPRX
2021-08-16 04:00:00+00:00,34.54451004115353,34.83930580288756,33.972788645009345,34.16931915283203,1093900,RPRX
2021-08-17 04:00:00+00:00,33.94599036674279,35.143033321247586,33.77715446651436,34.91970443725586,2149500,RPRX
2021-08-18 04:00:00+00:00,35.06263615473799,35.31276342409486,34.53647265650218,34.58917999267578,919000,RPRX
2021-08-19 04:00:00+00:00,34.35588867211202,35.00190982994688,34.167465977025,34.88526916503906,1370100,RPRX
2021-08-20 04:00:00+00:00,34.97499730045092,35.280064118269365,34.76862907409668,34.992942810058594,1569100,RPRX
2021-08-23 04:00:00+00:00,34.948073601228,35.24416589231961,34.194379465601266,34.678897857666016,1278900,RPRX
2021-08-24 04:00:00+00:00,34.66095329799068,35.136497238691305,34.50393439518909,35.05574417114258,1230700,RPRX
2021-08-25 04:00:00+00:00,35.064727783203125,35.15445191599488,34.36486654095357,35.064727783203125,970700,RPRX
2021-08-26 04:00:00+00:00,35.33390312286423,35.917116823576166,34.88527561950602,34.903221130371094,1710400,RPRX
2021-08-27 04:00:00+00:00,34.840416491021955,35.450546798091814,34.705826859565114,35.16342544555664,1140300,RPRX
2021-08-30 04:00:00+00:00,34.70043750668992,35.26929612795357,34.45548797491938,34.992942810058594,1567600,RPRX
2021-08-31 04:00:00+00:00,34.86732053588388,35.15444178538404,34.63403238144295,34.678897857666016,1245900,RPRX
2021-09-01 04:00:00+00:00,34.66993291188134,34.94808319615567,34.562263269447115,34.903221130371094,1269800,RPRX
2021-09-02 04:00:00+00:00,35.00191225213758,35.280062504197055,34.69684544827602,35.27109146118164,4117900,RPRX
2021-09-03 04:00:00+00:00,35.27109146118164,35.791497524971454,35.118556347872946,35.27109146118164,1539400,RPRX
2021-09-07 04:00:00+00:00,35.16342503243904,35.89020287280568,34.966031244113005,34.97500228881836,2533900,RPRX
2021-09-08 04:00:00+00:00,35.07370018837073,35.20828981553722,34.43664992166299,34.73274230957031,2051200,RPRX
2021-09-09 04:00:00+00:00,34.52636555272595,35.055746040946964,34.32896839424353,34.35588836669922,1970100,RPRX
2021-09-10 04:00:00+00:00,34.35588999340142,34.81348847374799,34.21232935027742,34.5263671875,1462000,RPRX
2021-09-13 04:00:00+00:00,34.58918234514659,35.05575539337264,34.24822445937438,34.55329132080078,2471100,RPRX
2021-09-14 04:00:00+00:00,34.63404217556783,35.89020056442521,34.56226355427223,35.5941047668457,5638400,RPRX
2021-09-15 04:00:00+00:00,35.66588007584787,35.89916482945102,33.88931589412122,34.06876754760742,8786700,RPRX
2021-09-16 04:00:00+00:00,34.00595978095177,34.669926445337104,33.80856262101017,34.436641693115234,3146000,RPRX
2021-09-17 04:00:00+00:00,34.10465890963678,34.94808074741741,34.10465890963678,34.544315338134766,17928200,RPRX
2021-09-20 04:00:00+00:00,34.095692862093784,34.095692862093784,32.722893692138925,33.04590606689453,3670200,RPRX
2021-09-21 04:00:00+00:00,33.10871052161589,33.557338016907394,32.866451263427734,32.866451263427734,1692800,RPRX
2021-09-22 04:00:00+00:00,32.89336180647668,32.99654761754885,32.390897871385164,32.561378479003906,1290500,RPRX
2021-09-23 04:00:00+00:00,32.74980713330903,33.46761044072073,32.48063132087415,33.31507873535156,1854000,RPRX
2021-09-24 04:00:00+00:00,33.33302390399048,33.46761009744941,33.05487362776556,33.28815841674805,1511300,RPRX
2021-09-27 04:00:00+00:00,33.198437257730795,33.449667579534264,32.98309453707323,33.33302688598633,1204800,RPRX
2021-09-28 04:00:00+00:00,33.216382485903225,33.2432990422218,32.7946715155447,32.857479095458984,1267700,RPRX
2021-09-29 04:00:00+00:00,33.98801479694499,34.08671337843602,32.42678984639403,32.91130828857422,1923300,RPRX
2021-09-30 04:00:00+00:00,33.036925762006014,33.38685463190914,32.35052629831053,32.42679214477539,1767700,RPRX
2021-10-01 04:00:00+00:00,32.516519937170685,32.830557791327294,32.15761659862949,32.507545471191406,1125900,RPRX
2021-10-04 04:00:00+00:00,32.48063055759132,32.579329151807826,31.520568014722496,31.556455612182617,1333100,RPRX
2021-10-05 04:00:00+00:00,31.529537692539392,31.978165157539113,31.314198426082847,31.691043853759766,1213200,RPRX
2021-10-06 04:00:00+00:00,31.700019730089824,32.17556376886388,31.2783087989469,31.978166580200195,1130900,RPRX
2021-10-07 04:00:00+00:00,32.229399006982824,32.63316445468713,31.826533744187135,31.86152458190918,768100,RPRX
2021-10-08 04:00:00+00:00,31.897409532215885,32.24733837935808,31.70001579083773,31.843576431274414,911900,RPRX
2021-10-11 04:00:00+00:00,31.906381211292917,32.56137679000951,31.892919514477448,32.417816162109375,1167000,RPRX
2021-10-12 04:00:00+00:00,32.45370727293541,32.54343481432968,31.969192240429287,32.363983154296875,1126200,RPRX
2021-10-13 04:00:00+00:00,32.30117901075525,32.74980649701574,31.953940405399976,32.14864730834961,1358800,RPRX
2021-10-14 04:00:00+00:00,32.3280873997215,33.315069673871534,32.30117085262598,33.252262115478516,755500,RPRX
2021-10-15 04:00:00+00:00,33.23432483801679,34.526370759815954,33.23432483801679,34.44561767578125,1841400,RPRX
2021-10-18 04:00:00+00:00,34.27513439216166,34.553281192419085,33.19842793669086,33.216373443603516,2669500,RPRX
2021-10-19 04:00:00+00:00,33.3240549085446,34.230284504629964,33.010016982825924,33.82651901245117,1124300,RPRX
2021-10-20 04:00:00+00:00,34.0149318586366,34.07773942548321,33.427231016248065,33.54835891723633,704500,RPRX
2021-10-21 04:00:00+00:00,33.46761630967065,33.73679216930876,33.297139063876436,33.64706802368164,576400,RPRX
2021-10-22 04:00:00+00:00,33.70987561017198,33.970080424350066,33.395837677720316,33.64706802368164,1064600,RPRX
2021-10-25 04:00:00+00:00,33.602197310280644,34.230276436434245,33.602197310280644,33.799591064453125,2329600,RPRX
2021-10-26 04:00:00+00:00,33.871367281846375,34.17643403798382,33.736777698379306,33.862396240234375,1270500,RPRX
2021-10-27 04:00:00+00:00,33.862401432392325,33.98352933788112,32.46268255618453,33.0279541015625,1602100,RPRX
2021-10-28 04:00:00+00:00,33.512462654658506,34.32806755674548,33.04589320905639,34.27513122558594,2624400,RPRX
2021-10-29 04:00:00+00:00,35.0826668867481,35.62999294937803,34.81349108851783,35.46848678588867,2791200,RPRX
2021-11-01 04:00:00+00:00,35.360816472356746,36.042728709633735,35.2082847779648,35.6479377746582,3243700,RPRX
2021-11-02 04:00:00+00:00,35.88122573553584,35.88122573553584,33.943155246395314,34.19438552856445,2362800,RPRX
2021-11-03 04:00:00+00:00,34.57123189116828,35.665884017944336,34.10465890963678,35.44157028198242,1615900,RPRX
2021-11-04 04:00:00+00:00,35.48643757490557,35.683834786927996,35.06921382761232,35.5043830871582,1147400,RPRX
2021-11-05 04:00:00+00:00,35.280074336714975,35.899179195093915,35.14548468705318,35.45952606201172,1662900,RPRX
2021-11-08 05:00:00+00:00,35.44157352965671,35.890201042690336,35.40568250715251,35.755611419677734,1411900,RPRX
2021-11-09 05:00:00+00:00,35.76458398750006,35.97992326557767,35.306982031761954,35.53129577636719,1596900,RPRX
2021-11-10 05:00:00+00:00,35.89020424684595,37.97183581934248,35.53130083527485,37.30786895751953,4295200,RPRX
2021-11-11 05:00:00+00:00,37.30786387758008,37.46039558193688,35.78252972023142,36.06067657470703,1831300,RPRX
2021-11-12 05:00:00+00:00,36.338826076004935,37.64881750320934,36.14142888845827,37.6129264831543,4024000,RPRX
2021-11-15 05:00:00+00:00,37.612932584653244,37.68471463640767,37.128417426337315,37.4155387878418,4323700,RPRX
2021-11-16 05:00:00+00:00,38.81524227620842,39.19209108305315,36.993816074266235,37.67573165893555,6435500,RPRX
2021-11-17 05:00:00+00:00,38.30380583302618,38.59092709260631,37.63983920378041,38.11538314819336,3287900,RPRX
2021-11-18 05:00:00+00:00,38.511770313058705,38.55681263197108,37.5298326401309,37.81810760498047,2397800,RPRX
2021-11-19 05:00:00+00:00,37.845131151005134,38.070346175184305,37.304616467578526,37.43974685668945,1766500,RPRX
2021-11-22 05:00:00+00:00,38.05233757595415,38.11539751704839,37.385699494589055,37.72802734375,2212800,RPRX
2021-11-23 05:00:00+00:00,37.86944983313553,37.8766561906227,37.23254460429279,37.70098876953125,1441200,RPRX
2021-11-24 05:00:00+00:00,37.67396235772802,38.007279572791305,37.520817817688226,37.90818786621094,1657900,RPRX
2021-11-26 05:00:00+00:00,37.475783556968615,38.19647447793682,37.16048385642678,37.73703384399414,1391000,RPRX
2021-11-29 05:00:00+00:00,37.73702659587281,37.854139363512736,36.78211715106395,37.241554260253906,2981200,RPRX
2021-11-30 05:00:00+00:00,36.935267072448646,37.791084923624226,35.701089598347835,35.82720947265625,10729600,RPRX
2021-12-01 05:00:00+00:00,36.22359497653221,36.59294759407135,34.61105407506467,34.92635726928711,2737600,RPRX
2021-12-02 05:00:00+00:00,34.818235229667536,35.223619420559174,34.16961502582864,35.02543258666992,2737500,RPRX
2021-12-03 05:00:00+00:00,35.67405558465045,35.67405558465045,33.692166280565196,33.917381286621094,2293500,RPRX
2021-12-06 05:00:00+00:00,33.80026962591103,34.62905922575928,33.638114541330566,34.13358688354492,1915900,RPRX
2021-12-07 05:00:00+00:00,34.87228686457153,34.98939961701883,34.268712364473686,34.7281494140625,1426100,RPRX
2021-12-08 05:00:00+00:00,34.85427411990281,35.52091206939772,34.34979469094184,35.277679443359375,1746000,RPRX
2021-12-09 05:00:00+00:00,35.0254393516105,35.13354159429368,34.18763923867206,34.385826110839844,1634900,RPRX
2021-12-10 05:00:00+00:00,34.349792323432894,34.57500732055597,33.764231956309665,34.025482177734375,1294200,RPRX
2021-12-13 05:00:00+00:00,34.02548163086401,34.525459191362046,33.64711865479421,34.11556625366211,1276100,RPRX
2021-12-14 05:00:00+00:00,33.76422966131128,34.24618958493489,33.475954759508824,33.82728958129883,2540300,RPRX
2021-12-15 05:00:00+00:00,33.773249189922865,33.9714360899368,32.95346657499987,33.80027389526367,3317900,RPRX
2021-12-16 05:00:00+00:00,34.17412808898945,34.91283307355246,33.82729503661639,34.448890686035156,2427700,RPRX
2021-12-17 05:00:00+00:00,34.41285039674519,34.98039312119123,33.77324066408027,34.71914291381836,2910600,RPRX
2021-12-20 05:00:00+00:00,34.36781282945868,34.683112477376916,33.93990223698858,34.61104202270508,2021400,RPRX
2021-12-21 05:00:00+00:00,34.9984129972146,35.62901574526978,34.69212043024543,35.33173370361328,1633200,RPRX
2021-12-22 05:00:00+00:00,35.151561326358205,35.72811123743291,35.070483780331536,35.64703369140625,831800,RPRX
2021-12-23 05:00:00+00:00,35.49388345316492,36.3136658713262,35.286682640254405,36.259613037109375,1263500,RPRX
2021-12-27 05:00:00+00:00,36.25961438193113,36.683019674396526,35.91728662554404,36.151512145996094,1201100,RPRX
2021-12-28 05:00:00+00:00,36.21457515703703,36.547892417546066,36.04340954599877,36.331687927246094,1021200,RPRX
2021-12-29 05:00:00+00:00,36.21457199029428,36.31366713822835,35.881254758931796,35.989356994628906,894500,RPRX
2021-12-30 05:00:00+00:00,36.22358517324376,36.619965831677284,35.953327820271895,36.106475830078125,695400,RPRX
2021-12-31 05:00:00+00:00,35.980354286912,36.50285483989023,35.86324493801042,35.89927673339844,817500,RPRX
2022-01-03 05:00:00+00:00,36.12448445903769,36.14250207133569,35.27767730008031,35.4037971496582,877500,RPRX
2022-01-04 05:00:00+00:00,35.25965881347656,35.64702887700801,34.9083239736476,35.25965881347656,1208000,RPRX
2022-01-05 05:00:00+00:00,35.25966511883478,35.394795513629916,34.25970981957513,34.31376266479492,1314000,RPRX
2022-01-06 05:00:00+00:00,34.88130593067253,35.11552805642009,34.33178069211978,34.953372955322266,1548400,RPRX
2022-01-07 05:00:00+00:00,35.00742873408811,36.358719065440916,34.87229832634922,36.26863098144531,2599800,RPRX
2022-01-10 05:00:00+00:00,36.88120813338612,38.367628547104545,36.773105892763695,38.23249816894531,5830700,RPRX
2022-01-11 05:00:00+00:00,38.21448163779147,38.39465433493433,37.304614500157165,37.47577667236328,1501600,RPRX
2022-01-12 05:00:00+00:00,37.07038642924698,37.3136155792332,36.51185081440536,36.79111862182617,1126500,RPRX
2022-01-13 05:00:00+00:00,36.70104281048116,36.85418738139715,36.07944712815275,36.19655990600586,1396200,RPRX
2022-01-14 05:00:00+00:00,35.90828013964304,36.23259028939224,34.98940252752303,35.72810745239258,2113700,RPRX
2022-01-18 05:00:00+00:00,35.84522664121803,36.61546166671256,35.38578603453152,36.32268142700195,1786400,RPRX
2022-01-19 05:00:00+00:00,36.502849969200426,36.9334616543364,35.96233187239678,36.00737762451172,2342700,RPRX
2022-01-20 05:00:00+00:00,35.953322084310116,36.385734467380146,35.394789852408174,35.41280746459961,2012600,RPRX
2022-01-21 05:00:00+00:00,35.16056366654879,35.4308244078093,34.87228874994512,35.25965881347656,1247000,RPRX
2022-01-24 05:00:00+00:00,34.52996964066807,35.60199193364398,33.80927880398624,35.556949615478516,2122900,RPRX
2022-01-25 05:00:00+00:00,35.30470171317876,35.782159843922905,34.782204706818085,35.25065231323242,1062700,RPRX
2022-01-26 05:00:00+00:00,35.2506492010824,36.0524139702441,34.89030386288244,35.07047653198242,1314300,RPRX
2022-01-27 05:00:00+00:00,35.28668390226101,35.9172865779785,34.719144586972575,34.84526443481445,1352800,RPRX
2022-01-28 05:00:00+00:00,34.76418823239506,35.565953098581,34.54798031600947,35.547935485839844,935200,RPRX
2022-01-31 05:00:00+00:00,35.21462160859111,36.45780951453724,35.211016711094885,36.04341125488281,2182800,RPRX
2022-02-01 05:00:00+00:00,36.04341498091457,36.66501071640014,35.84522807434011,36.53889083862305,3084100,RPRX
2022-02-02 05:00:00+00:00,36.36771799860949,37.13345107653394,35.885758025986966,36.93526077270508,2812100,RPRX
2022-02-03 05:00:00+00:00,36.674013202231876,36.890221134498965,36.00737866438296,36.06142807006836,1298600,RPRX
2022-02-04 05:00:00+00:00,35.9082824682723,36.28214021717252,35.37677489649499,36.00737762451172,850200,RPRX
2022-02-07 05:00:00+00:00,36.03440422333226,36.46681666163122,36.03440422333226,36.20556640625,870600,RPRX
2022-02-08 05:00:00+00:00,36.04340882637669,36.29565197536841,35.601989329530795,36.01638412475586,707800,RPRX
2022-02-09 05:00:00+00:00,36.03441080665195,36.49384803237271,36.01639318886752,36.232601165771484,1018500,RPRX
2022-02-10 05:00:00+00:00,36.034400720326225,36.394746102132785,35.31371339322135,35.547935485839844,1820300,RPRX
2022-02-11 05:00:00+00:00,35.76413815995459,36.295645630131915,35.63801832576129,35.90827560424805,1701400,RPRX
2022-02-14 05:00:00+00:00,35.55694565109336,35.845220579021735,35.16957557234431,35.232635498046875,1691900,RPRX
2022-02-15 05:00:00+00:00,35.349753461233234,36.54339039940265,35.349753461233234,36.3406982421875,2244300,RPRX
2022-02-16 05:00:00+00:00,36.38574521499686,36.86320005132196,36.05062715147182,36.484840393066406,1665300,RPRX
2022-02-17 05:00:00+00:00,36.249511671365696,36.39614123259926,35.896520717652905,35.91462326049805,985000,RPRX
2022-02-18 05:00:00+00:00,35.99155081119299,36.22235388024489,35.4530114676407,35.67023849487305,1107000,RPRX
2022-02-22 05:00:00+00:00,35.29914530591318,35.513655054671915,34.7017752926906,34.88279724121094,1129200,RPRX
2022-02-23 05:00:00+00:00,34.982359770371964,35.081918562797625,33.75141465365862,33.90528106689453,1747000,RPRX
2022-02-24 05:00:00+00:00,33.31695622944689,34.43023629959277,32.71958635149774,34.28541946411133,1612600,RPRX
2022-02-25 05:00:00+00:00,34.33973026858581,35.07286758231297,34.00484191907377,34.81943893432617,1593500,RPRX
2022-02-28 05:00:00+00:00,34.75607740413496,35.58877340155508,34.602207563834156,35.53446578979492,1646400,RPRX
2022-03-01 05:00:00+00:00,35.29914129484924,35.434908603988795,34.81038312519418,35.10906982421875,1237000,RPRX
2022-03-02 05:00:00+00:00,35.14527974036845,35.683815647985774,34.819440915725636,35.47111511230469,935500,RPRX
2022-03-03 05:00:00+00:00,35.48921269769236,35.6702346252973,34.65923049148511,34.846588134765625,718200,RPRX
2022-03-04 05:00:00+00:00,34.23111522789747,34.88279277810878,34.176807614477845,34.77417755126953,1259400,RPRX
2022-03-07 05:00:00+00:00,34.39404405186904,35.02761923810276,34.30443939994268,34.38499450683594,1626100,RPRX
2022-03-08 05:00:00+00:00,34.050093739410336,34.74702591672681,33.74235749816288,34.0953483581543,1357300,RPRX
2022-03-09 05:00:00+00:00,34.52980585946548,34.946153918366555,34.403088080372314,34.737979888916016,1044500,RPRX
2022-03-10 05:00:00+00:00,34.43928482386107,35.13621690299756,34.31528435475214,34.85563278198242,966800,RPRX
2022-03-11 05:00:00+00:00,35.13623177180536,35.36250838210947,34.57506674500915,34.638423919677734,580800,RPRX
2022-03-14 04:00:00+00:00,34.77418010368699,35.12717443776519,34.13155550156346,34.37593460083008,1149700,RPRX
2022-03-15 04:00:00+00:00,34.50265657241244,34.77418781423596,34.28995600629345,34.638423919677734,1126300,RPRX
2022-03-16 04:00:00+00:00,34.78323068510508,35.3987031621554,34.584106221145845,35.29914093017578,1541100,RPRX
2022-03-17 04:00:00+00:00,35.12717992520269,36.24950990526488,34.873747790425064,36.005130767822266,2055200,RPRX
2022-03-18 04:00:00+00:00,35.597824814645726,35.99607025840525,35.42585244473361,35.58877182006836,2635500,RPRX
2022-03-21 04:00:00+00:00,35.407756318227314,35.68834050492211,35.03666288560848,35.262939453125,1780300,RPRX
2022-03-22 04:00:00+00:00,35.326291565853595,35.44395633089958,34.846586416159376,35.12717056274414,1173500,RPRX
2022-03-23 04:00:00+00:00,34.81038399144887,35.217682476297036,34.67462013163694,34.873741149902344,1447500,RPRX
2022-03-24 04:00:00+00:00,34.86469268798828,35.08191625150493,34.55695642908445,34.86469268798828,1443700,RPRX
2022-03-25 04:00:00+00:00,34.78323141237892,35.09549415507928,34.46644562464386,34.72892379760742,1192600,RPRX
2022-03-28 04:00:00+00:00,34.60221811470024,34.71988291637249,34.15871790123153,34.38499450683594,1150000,RPRX
2022-03-29 04:00:00+00:00,34.47549565337742,35.07286561345972,34.43024103344968,35.06381607055664,2532500,RPRX
2022-03-30 04:00:00+00:00,35.118119004095206,35.55709605271113,34.93709707801463,35.29914093017578,2129700,RPRX
2022-03-31 04:00:00+00:00,35.29914453257718,35.49826901685777,34.95520318319427,35.262939453125,2957500,RPRX
2022-04-01 04:00:00+00:00,35.29913457933853,35.64307583174089,35.20862535893522,35.62497329711914,2134300,RPRX
2022-04-04 04:00:00+00:00,35.57067272636668,35.99607374232543,35.26293648236152,35.96892166137695,2622200,RPRX
2022-04-05 04:00:00+00:00,36.05943298339844,37.03242288851518,35.99607582238677,36.05943298339844,2127900,RPRX
2022-04-06 04:00:00+00:00,36.13183957458931,36.74731209623878,35.94176809214923,36.54819107055664,2931700,RPRX
2022-04-07 04:00:00+00:00,36.61155254725149,37.00074855395963,36.13184383392127,36.95549392700195,2750800,RPRX
2022-04-08 04:00:00+00:00,36.964534562667296,37.905845768435746,36.7563605666676,37.48949432373047,2292000,RPRX
2022-04-11 04:00:00+00:00,37.33562837164086,37.75197636846913,37.32657882940804,37.56190490722656,1577000,RPRX
2022-04-12 04:00:00+00:00,37.54380066450195,38.36744707850877,37.46234097728344,37.84248733520508,3904700,RPRX
2022-04-13 04:00:00+00:00,37.960147614715545,38.6751822439747,37.74292408981762,38.41270065307617,2796500,RPRX
2022-04-14 04:00:00+00:00,39.082491668062076,40.50350833221603,38.928621796308775,39.91518783569336,5477300,RPRX
2022-04-18 04:00:00+00:00,39.59116049916957,40.06000352093287,39.56672224224314,39.91066360473633,3079700,RPRX
2022-04-19 04:00:00+00:00,39.9604483436301,40.01475251708577,39.4264354375059,40.00570297241211,2481800,RPRX
2022-04-20 04:00:00+00:00,39.707003064813115,40.34510451336459,39.616493837207074,40.0237922668457,5672000,RPRX
2022-04-21 04:00:00+00:00,40.02380068510059,40.02832373053823,39.1548960348785,39.453582763671875,2555700,RPRX
2022-04-22 04:00:00+00:00,39.145846520465206,39.19110114382041,38.557526058728236,38.62993621826172,2026000,RPRX
2022-04-25 04:00:00+00:00,38.24978968406887,38.43081162971314,37.512129312498544,38.295047760009766,2140900,RPRX
2022-04-26 04:00:00+00:00,38.295042425834836,38.50321642588162,37.7519766645465,37.860591888427734,3032300,RPRX
2022-04-27 04:00:00+00:00,38.18642340708586,39.06437738966102,37.92394527388881,38.9105110168457,2387600,RPRX
2022-04-28 04:00:00+00:00,38.801901175350324,39.729636395846356,38.3765036163374,39.41737365722656,2456500,RPRX
2022-04-29 04:00:00+00:00,39.28161950428047,39.48074056628084,38.39461218569712,38.539432525634766,2661800,RPRX
2022-05-02 04:00:00+00:00,38.36745813488946,38.88336848504173,37.55286448066803,38.33125305175781,1935500,RPRX
2022-05-03 04:00:00+00:00,38.159286293746355,38.91957581996559,38.154759794916316,38.64804458618164,1191400,RPRX
2022-05-04 04:00:00+00:00,38.70234457786612,39.25445998341435,38.29504949756938,39.10059356689453,2167400,RPRX
2022-05-05 04:00:00+00:00,39.0462769627199,39.0462769627199,36.62964531066638,36.90117645263672,2887800,RPRX
2022-05-06 04:00:00+00:00,36.53009611578284,36.70206509473686,35.8431213565011,35.950828552246094,2619900,RPRX
2022-05-09 04:00:00+00:00,35.43491411060486,35.516373818206276,33.724260250975036,33.9686393737793,2729000,RPRX
2022-05-10 04:00:00+00:00,34.25827360242729,34.774183940229264,33.552291761794415,34.11345672607422,2567200,RPRX
2022-05-11 04:00:00+00:00,33.832876217797505,35.235790365113616,33.68805934038501,34.674625396728516,2777300,RPRX
2022-05-12 04:00:00+00:00,34.43024067271601,35.30819133877553,34.366883514939744,35.25388717651367,1940300,RPRX
2022-05-13 04:00:00+00:00,36.20424046499958,36.62058840169777,35.69285681140541,36.149932861328125,2718800,RPRX
2022-05-16 04:00:00+00:00,35.9417749859602,36.88308648817306,35.78790855238864,36.43958282470703,1709800,RPRX
2022-05-17 04:00:00+00:00,36.4305199849183,37.45329082951336,36.303805685229754,37.43518829345703,2637200,RPRX
2022-05-18 04:00:00+00:00,37.245130226231396,37.83344732227057,36.38075194567284,36.66585922241211,2360000,RPRX
2022-05-19 04:00:00+00:00,36.393047743841024,36.975044947166545,36.11659803156831,36.17479705810547,1852200,RPRX
2022-05-20 04:00:00+00:00,36.59311071211568,36.81135792964225,35.29270918868189,35.93836212158203,2314100,RPRX
2022-05-23 04:00:00+00:00,36.37484692395856,37.21146673810125,36.24753551476081,36.42031478881836,1716200,RPRX
2022-05-24 04:00:00+00:00,35.94744568455016,36.21116418901034,35.31543292077651,36.1384162902832,1772900,RPRX
2022-05-25 04:00:00+00:00,35.91107756225204,36.6658540088223,35.792858310749516,36.56582260131836,1392100,RPRX
2022-05-26 04:00:00+00:00,36.84772678701064,37.07416074819952,36.36576109114801,36.38394546508789,1669800,RPRX
2022-05-27 04:00:00+00:00,36.62038332240353,37.69344175311828,36.56581979459597,37.529754638671875,1459000,RPRX
2022-05-31 04:00:00+00:00,37.4297250138752,37.54794426190975,36.82044786819028,37.411537170410156,1796700,RPRX
2022-06-01 04:00:00+00:00,37.41153328425472,37.59340823103628,36.76588051870746,37.002315521240234,2138600,RPRX
2022-06-02 04:00:00+00:00,37.111448535143886,37.27513566665703,36.42032432009361,36.88410568237305,1848800,RPRX
2022-06-03 04:00:00+00:00,36.647654533643994,37.11143573597232,36.556718811488665,36.84771728515625,728900,RPRX
2022-06-06 04:00:00+00:00,36.82954330587651,36.975042597461645,36.40213761916785,36.74769973754883,1235200,RPRX
2022-06-07 04:00:00+00:00,36.456699428534804,37.82530435173432,36.456699428534804,37.575225830078125,1843000,RPRX
2022-06-08 04:00:00+00:00,37.575217714171245,38.16631038188254,37.29331139328226,37.72981262207031,2408400,RPRX
2022-06-09 04:00:00+00:00,37.79347337349889,37.87531693119971,37.23875631230178,37.35697555541992,1309600,RPRX
2022-06-10 04:00:00+00:00,36.684036540847366,37.04960417363742,36.37485017559576,36.81134796142578,1060100,RPRX
2022-06-13 04:00:00+00:00,36.34757518175507,36.45215094786586,34.86529886050813,34.974422454833984,5028800,RPRX
2022-06-14 04:00:00+00:00,34.865295128194234,35.4018243239112,34.465173012514654,34.73798370361328,1438100,RPRX
2022-06-15 04:00:00+00:00,34.97441878099005,35.59279153217455,34.756171615263845,35.0380744934082,1423500,RPRX
2022-06-16 04:00:00+00:00,34.556112186345175,34.91986212326572,34.04686296845171,34.847110748291016,1426100,RPRX
2022-06-17 04:00:00+00:00,34.88348068749097,36.19297400046191,34.867110590126266,35.783756256103516,3421500,RPRX
2022-06-21 04:00:00+00:00,36.07476597979152,36.93866960433195,36.07476597979152,36.474891662597656,1984800,RPRX
2022-06-22 04:00:00+00:00,36.16569914117823,36.802259782356735,36.129323454487704,36.22935485839844,1780200,RPRX
2022-06-23 04:00:00+00:00,36.40213289258487,37.46609914269559,36.338477177592715,37.35697555541992,2605600,RPRX
2022-06-24 04:00:00+00:00,37.73891510364894,39.612221535938815,37.46610436296009,39.284847259521484,8184900,RPRX
2022-06-27 04:00:00+00:00,39.1029709926264,39.64859245609564,38.72103666199327,38.94837951660156,3527700,RPRX
2022-06-28 04:00:00+00:00,38.85742650417334,39.23026851466273,38.19358602056907,38.70283508300781,4042000,RPRX
2022-06-29 04:00:00+00:00,38.68465416140553,38.68465416140553,38.08446926967464,38.27543640136719,1826300,RPRX
2022-06-30 04:00:00+00:00,37.91169456463801,38.36183593079896,37.647979480122345,38.229976654052734,1549700,RPRX
2022-07-01 04:00:00+00:00,38.22087135328577,39.03021118588676,37.96170069375652,38.86652755737305,1045800,RPRX
2022-07-05 04:00:00+00:00,38.484596164655756,39.2939361302607,38.1390340721697,39.239376068115234,1665300,RPRX
2022-07-06 04:00:00+00:00,39.29393040108734,39.648584629229155,39.084775432413345,39.18480682373047,1765600,RPRX
2022-07-07 04:00:00+00:00,39.102967575605724,39.55765324508951,38.93018827003337,39.13934326171875,1207700,RPRX
2022-07-08 04:00:00+00:00,38.93018574485714,39.54401066504971,38.70284292486166,39.06658935546875,1000700,RPRX
2022-07-11 04:00:00+00:00,38.87561240568861,39.06657949372389,38.66645748036778,38.88470458984375,696600,RPRX
2022-07-12 04:00:00+00:00,38.87561434236495,39.27573637565404,38.52096017006716,38.70283508300781,845800,RPRX
2022-07-13 04:00:00+00:00,38.26635298586347,38.90291023740557,38.20269379173241,38.548255920410156,849700,RPRX
2022-07-14 04:00:00+00:00,38.49369445193863,39.489453812892215,38.36637953728578,39.266658782958984,1605600,RPRX
2022-07-15 04:00:00+00:00,39.53036336910929,40.43973448157851,39.53036336910929,39.948673248291016,5847500,RPRX
2022-07-18 04:00:00+00:00,40.39427187635658,40.41245971881178,39.64858768057433,39.748619079589844,1735000,RPRX
2022-07-19 04:00:00+00:00,40.08508383091311,40.08508383091311,39.439427647809985,39.71223831176758,2311700,RPRX
2022-07-20 04:00:00+00:00,39.63949373302087,39.89411657813075,38.948373095304305,39.112056732177734,1545800,RPRX
2022-07-21 04:00:00+00:00,38.96655547786034,39.19389828337639,38.54369772084146,38.86652755737305,5222300,RPRX
2022-07-22 04:00:00+00:00,38.80288067976067,39.503097158975564,38.65738137687037,39.312129974365234,1743800,RPRX
2022-07-25 04:00:00+00:00,39.248464305260356,39.275744333587454,38.83015434902295,39.06658935546875,1412500,RPRX
2022-07-26 04:00:00+00:00,39.102962493896484,39.46671236980217,38.948371051470914,39.102962493896484,1485900,RPRX
2022-07-27 04:00:00+00:00,39.11205693578486,39.930492469293014,38.93018545631736,39.69405746459961,1607500,RPRX
2022-07-28 04:00:00+00:00,39.603122213480084,40.03962005197885,38.95746937751169,39.648590087890625,1348200,RPRX
2022-07-29 04:00:00+00:00,39.903215363694585,39.94868323689154,39.0847797702439,39.548561096191406,2251300,RPRX
2022-08-01 04:00:00+00:00,39.639498336165225,39.639498336165225,38.784690493334416,38.89381408691406,1456100,RPRX
2022-08-02 04:00:00+00:00,38.73921797465172,39.08478005764709,38.511875138018844,38.621002197265625,1979100,RPRX
2022-08-03 04:00:00+00:00,38.948379802664036,39.1029712798243,38.63919337936682,38.9665641784668,1943900,RPRX
2022-08-04 04:00:00+00:00,38.675555546350395,39.248460366559605,38.34818136337371,38.65736770629883,1142100,RPRX
2022-08-05 04:00:00+00:00,38.648285412678796,39.63040821298038,38.4845982792952,38.60281753540039,3646500,RPRX
2022-08-08 04:00:00+00:00,38.73922971698807,39.462181960484045,38.51188681144476,39.22119903564453,1990200,RPRX
2022-08-09 04:00:00+00:00,39.357584101725124,39.96686460457369,39.34394408887361,39.71223831176758,1690100,RPRX
2022-08-10 04:00:00+00:00,39.95777066561521,40.057802056122206,39.648584308128086,39.93958282470703,1288400,RPRX
2022-08-11 04:00:00+00:00,39.9395918278383,40.1396546539502,39.57584533460733,39.739532470703125,1100000,RPRX
2022-08-12 04:00:00+00:00,39.7395357408944,40.212409343086776,39.62131647310205,40.19422149658203,1154700,RPRX
2022-08-15 04:00:00+00:00,40.0850803027516,40.29423524234246,39.69405044687179,39.948673248291016,1889500,RPRX
2022-08-16 04:00:00+00:00,39.93959361399018,40.52159427334569,39.79409431639553,40.330623626708984,1997200,RPRX
2022-08-17 04:00:00+00:00,40.121458763340996,40.61252007315529,39.99142072762631,40.60342788696289,2529900,RPRX
2022-08-18 04:00:00+00:00,40.77695159604401,40.77695159604401,40.03721171558122,40.338584899902344,1385100,RPRX
2022-08-19 04:00:00+00:00,40.183337643970226,40.416219326234945,40.094751538137096,40.274662017822266,1049900,RPRX
2022-08-22 04:00:00+00:00,39.863691017473954,40.25639201870494,39.64450768598189,39.8271598815918,1196100,RPRX
2022-08-23 04:00:00+00:00,39.68104934692383,39.96415701560025,39.31574485881012,39.68104934692383,1455600,RPRX
2022-08-24 04:00:00+00:00,39.68104934692383,39.94589492661618,39.47100048558907,39.68104934692383,1151300,RPRX
2022-08-25 04:00:00+00:00,39.86369457967255,40.183333337701974,39.662776798167656,39.872825622558594,1743800,RPRX
2022-08-26 04:00:00+00:00,39.72670143697567,40.09839860687502,39.03262726658136,39.31573486328125,1573500,RPRX
2022-08-29 04:00:00+00:00,38.86824264085773,39.01436370972632,37.90931942486893,38.6490592956543,1515000,RPRX
2022-08-30 04:00:00+00:00,38.64905789301582,38.74951677742987,38.126675874623956,38.219825744628906,1454000,RPRX
2022-08-31 04:00:00+00:00,38.439003341015194,38.54859325137192,37.964109084402125,38.183292388916016,1651400,RPRX
2022-09-01 04:00:00+00:00,38.07371129326747,38.338556855663285,37.66731190577805,38.32942581176758,1032800,RPRX
2022-09-02 04:00:00+00:00,38.36594914101502,39.137652905663224,38.2791920404921,38.420745849609375,1370800,RPRX
2022-09-06 04:00:00+00:00,38.47553646152487,38.79791691925957,38.19699266695924,38.26548767089844,1405200,RPRX
2022-09-07 04:00:00+00:00,38.283744401656556,39.11481189036116,38.119361292504145,39.005218505859375,1709100,RPRX
2022-09-08 04:00:00+00:00,39.07828456226282,39.41162155875323,38.69471464680756,39.26093673706055,2407200,RPRX
2022-09-09 04:00:00+00:00,39.28834079571203,40.06460833108529,39.26094418362626,39.845428466796875,946700,RPRX
2022-09-12 04:00:00+00:00,39.90022685406674,40.361422958729136,39.78150586379846,39.85456466674805,1389000,RPRX
2022-09-13 04:00:00+00:00,39.30659942969656,39.41618934250449,38.60339081189468,38.91389846801758,1642200,RPRX
2022-09-14 04:00:00+00:00,39.0326241202492,39.16047960313668,38.60795927562974,38.758644104003906,3753900,RPRX
2022-09-15 04:00:00+00:00,38.68558320472305,38.95042868124407,38.42987225293749,38.512062072753906,1865900,RPRX
2022-09-16 04:00:00+00:00,38.155901622135616,38.43901273385447,37.72667291676991,38.3111572265625,2565700,RPRX
2022-09-19 04:00:00+00:00,38.04631289771655,38.165037365615376,37.39790081360999,38.03718185424805,2636000,RPRX
2022-09-20 04:00:00+00:00,37.88192397486809,38.037179574940296,37.19241352696746,37.46182632446289,3475000,RPRX
2022-09-21 04:00:00+00:00,37.434427888174845,37.95498440436031,37.13305122943536,37.16958236694336,1389200,RPRX
2022-09-22 04:00:00+00:00,37.16958259350455,37.78603073655521,36.859074890395924,37.498355865478516,1645200,RPRX
2022-09-23 04:00:00+00:00,37.36136788877588,37.36136788877588,36.5713985401045,36.83168029785156,1735200,RPRX
2022-09-26 04:00:00+00:00,36.64902590137279,36.97323190865176,36.16499703822583,36.420711517333984,1178100,RPRX
2022-09-27 04:00:00+00:00,36.703817679796835,36.91386648679203,36.32938224405741,36.74034881591797,1248600,RPRX
2022-09-28 04:00:00+00:00,37.489216533061345,38.101100818303436,37.407023225604966,37.680999755859375,4013100,RPRX
2022-09-29 04:00:00+00:00,37.59881332943825,37.626213426138655,36.74491971193587,36.83168029785156,1391900,RPRX
2022-09-30 04:00:00+00:00,36.84081561111087,37.15132336723036,36.61250118701717,36.69469451904297,1989400,RPRX
2022-10-03 04:00:00+00:00,36.82253607648217,37.00518824325804,36.42983513724417,36.70381164550781,1731600,RPRX
2022-10-04 04:00:00+00:00,37.0508571219188,38.24722572128842,36.913867101085295,38.05543899536133,2247900,RPRX
2022-10-05 04:00:00+00:00,37.90019589060293,38.34769371230451,37.69014703022929,38.11024475097656,1107000,RPRX
2022-10-06 04:00:00+00:00,37.891056886580635,37.959548415074345,37.13305145577388,37.498355865478516,1731000,RPRX
2022-10-07 04:00:00+00:00,37.3978938421059,37.89105370870616,37.123917299706015,37.31570053100586,1839600,RPRX
2022-10-10 04:00:00+00:00,37.306570111560745,37.52575345988537,36.86820689871262,36.895606994628906,1312000,RPRX
2022-10-11 04:00:00+00:00,36.70381622250611,37.96411249823931,36.64902300430081,37.69013595581055,1530800,RPRX
2022-10-12 04:00:00+00:00,37.5074912649504,38.087411821436085,37.26091128232674,37.5257568359375,2072900,RPRX
2022-10-13 04:00:00+00:00,36.99606522496821,38.302023920451205,36.694692017288276,38.03718185424805,1191500,RPRX
2022-10-14 04:00:00+00:00,38.32028409533608,38.575998565865156,37.671872102531985,37.8179931640625,989900,RPRX
2022-10-17 04:00:00+00:00,37.845391343748275,38.52120345872639,37.845391343748275,38.15589904785156,1392100,RPRX
2022-10-18 04:00:00+00:00,38.548597777396964,39.069154267460966,38.08283799084527,38.37508010864258,2073500,RPRX
2022-10-19 04:00:00+00:00,38.13763805074535,38.25636252108214,37.263653291865694,37.48009490966797,860600,RPRX
2022-10-20 04:00:00+00:00,37.3978938421059,37.57141150607233,37.005192853939114,37.31570053100586,1031300,RPRX
2022-10-21 04:00:00+00:00,37.30657072439068,37.6581768433829,37.1330530384758,37.46182632446289,1020600,RPRX
2022-10-24 04:00:00+00:00,37.59880811913379,37.80886040158995,37.36136271137573,37.69013595581055,949800,RPRX
2022-10-25 04:00:00+00:00,37.644476828768916,37.91388613023719,37.4983557620503,37.827125549316406,2158300,RPRX
2022-10-26 04:00:00+00:00,37.854523618578575,38.74038101398879,37.8179924829037,38.37508010864258,1191900,RPRX
2022-10-27 04:00:00+00:00,38.53033523769306,38.6764563080755,38.18329987291047,38.393348693847656,1895800,RPRX
2022-10-28 04:00:00+00:00,38.42986492210164,39.11024056548654,38.34767163416389,39.05087661743164,2086900,RPRX
2022-10-31 04:00:00+00:00,38.968698045116504,39.06002589053505,38.480105394480795,38.6490592956543,1270200,RPRX
2022-11-01 04:00:00+00:00,38.76778042917117,38.94129809488882,38.36594491138175,38.55773162841797,1260000,RPRX
2022-11-02 04:00:00+00:00,38.4481379736948,39.43902497324628,38.11936821191173,38.6033935546875,1537800,RPRX
2022-11-03 04:00:00+00:00,38.07371060956722,38.69929336113704,37.817999579460555,38.63079833984375,1030100,RPRX
2022-11-04 04:00:00+00:00,38.84997765595896,38.84997765595896,38.04631002319645,38.30202102661133,1356600,RPRX
2022-11-07 05:00:00+00:00,38.23808867955733,38.731248541552276,38.17416093638769,38.69471740722656,1525700,RPRX
2022-11-08 05:00:00+00:00,38.74952353088869,40.064613332179604,38.45728135282403,38.986968994140625,1506500,RPRX
2022-11-09 05:00:00+00:00,39.105686849090326,39.99154776105658,38.8956380368944,39.29747009277344,1949200,RPRX
2022-11-10 05:00:00+00:00,39.78150470963895,40.19246786738568,39.671911282691774,40.1742057800293,1584900,RPRX
2022-11-11 05:00:00+00:00,40.00980843563141,40.12852939074149,39.48011746495363,40.11026382446289,1290000,RPRX
2022-11-14 05:00:00+00:00,39.32487925925251,39.521229811309944,38.1924381368232,38.813453674316406,2428100,RPRX
2022-11-15 05:00:00+00:00,38.69471642782219,39.00522409413002,37.94584561210342,38.429874420166016,1885500,RPRX
2022-11-16 05:00:00+00:00,38.5394692229073,38.90477015183184,38.32942040492045,38.859107971191406,2048000,RPRX
2022-11-17 05:00:00+00:00,38.84076455913562,39.02423604040589,38.5839065850137,38.83159255981445,1613500,RPRX
2022-11-18 05:00:00+00:00,39.1067947431698,39.473734175423715,38.89121603326421,39.32695770263672,1664300,RPRX
2022-11-21 05:00:00+00:00,39.50125427413346,39.86819367948745,39.33613031692475,39.37282180786133,2286500,RPRX
2022-11-22 05:00:00+00:00,39.4462093808835,39.8681912460259,39.30860492513301,39.78562927246094,819000,RPRX
2022-11-23 05:00:00+00:00,39.72142375231492,39.90030748548264,39.281094293792265,39.38200378417969,807800,RPRX
2022-11-25 05:00:00+00:00,39.38200089698014,39.611339358528156,39.271919415276706,39.4278678894043,358800,RPRX
2022-11-28 05:00:00+00:00,39.299438207560144,39.51960466645421,39.09761924519284,39.32695770263672,1483800,RPRX
2022-11-29 05:00:00+00:00,39.51042556762695,39.57922779847514,39.26273963622959,39.51042556762695,1158000,RPRX
2022-11-30 05:00:00+00:00,39.473729572454246,40.35439180591073,39.423274837745865,40.33604431152344,2049900,RPRX
2022-12-01 05:00:00+00:00,40.28100775862888,40.794727178823955,40.16175077726753,40.400264739990234,2157800,RPRX
2022-12-02 05:00:00+00:00,40.207619595631854,40.55621152751695,39.90947890435539,40.2259635925293,1743800,RPRX
2022-12-05 05:00:00+00:00,39.90488817863321,40.04707689025772,39.065508656392616,39.45538330078125,1519400,RPRX
2022-12-06 05:00:00+00:00,39.30861310637722,39.40952259500618,38.44630170255897,38.46464920043945,1546800,RPRX
2022-12-07 05:00:00+00:00,38.57473088822465,39.04258333803329,38.44630190182304,38.64812088012695,1666700,RPRX
2022-12-08 05:00:00+00:00,38.5839065850137,38.96002154687541,38.39125960499483,38.83159255981445,882400,RPRX
2022-12-09 05:00:00+00:00,38.70316068018113,39.07927564794022,38.29035421513463,38.29952621459961,1444700,RPRX
2022-12-12 05:00:00+00:00,38.18944484165903,38.721508297956134,38.116054848002875,38.69398880004883,1413300,RPRX
2022-12-13 05:00:00+00:00,39.299436484245575,39.3269559781154,38.336215705104784,38.36373519897461,1626000,RPRX
2022-12-14 05:00:00+00:00,38.317866333227364,38.63893874407798,37.88670895343354,38.033485412597656,1336800,RPRX
2022-12-15 05:00:00+00:00,37.886714137893115,37.886714137893115,36.93266527305987,37.41886520385742,1891900,RPRX
2022-12-16 05:00:00+00:00,37.13448098709536,37.235390463870594,36.56572261732136,36.88679504394531,2415500,RPRX
2022-12-19 05:00:00+00:00,36.89596387248349,36.95100285028374,35.94191526378045,36.2996826171875,1208100,RPRX
2022-12-20 05:00:00+00:00,36.75836638849058,36.995959986229614,36.03365604855144,36.40977096557617,1561100,RPRX
2022-12-21 05:00:00+00:00,36.60241841517084,36.77671437925995,36.26299498591673,36.32720947265625,1518300,RPRX
2022-12-22 05:00:00+00:00,36.18043787913767,36.23548037494416,35.538292925199684,35.95109939575195,1655700,RPRX
2022-12-23 05:00:00+00:00,35.93274542856713,36.373078316895594,35.868530944733166,36.1804313659668,934700,RPRX
2022-12-27 05:00:00+00:00,36.29052027344381,36.437296752328805,35.92357732651769,35.99696731567383,732600,RPRX
2022-12-28 05:00:00+00:00,36.07952685555946,36.221715575617054,35.822665410369765,35.93274688720703,967600,RPRX
2022-12-29 05:00:00+00:00,35.98779386022261,36.64370205297335,35.96027436244051,36.27217483520508,923800,RPRX
2022-12-30 05:00:00+00:00,36.171264151306225,36.327212632832165,35.78597369792487,36.25382614135742,915400,RPRX
2023-01-03 05:00:00+00:00,36.483165388928654,36.62076637565261,35.71717571460686,36.14374542236328,1004500,RPRX
2023-01-04 05:00:00+00:00,36.17125610552766,36.336380048900594,35.620845293902306,35.914398193359375,2056400,RPRX
2023-01-05 05:00:00+00:00,35.82266721590373,35.941924196487335,35.32729529602772,35.44655227661133,1363700,RPRX
2023-01-06 05:00:00+00:00,35.529118766573724,35.66672326156751,34.905317788276534,34.942012786865234,1009400,RPRX
2023-01-09 05:00:00+00:00,35.12548182987382,36.221719465382236,34.758538868441725,35.96027374267578,2344000,RPRX
2023-01-10 05:00:00+00:00,35.96027320103761,36.189611673621485,35.64837273834644,36.01531219482422,1321000,RPRX
2023-01-11 05:00:00+00:00,36.16208462595803,36.19877961732298,35.66671624023921,36.070350646972656,1523100,RPRX
2023-01-12 05:00:00+00:00,36.10704492539308,36.13456441865992,35.52911107080113,35.96944046020508,1400900,RPRX
2023-01-13 05:00:00+00:00,35.932747104770186,36.19878054987913,35.68506465524345,36.11621856689453,1260200,RPRX
2023-01-17 05:00:00+00:00,36.04283455531906,36.11622104554906,35.630024612064915,35.70341110229492,1575300,RPRX
2023-01-18 05:00:00+00:00,35.703405940791825,35.87311764276933,35.30894705140472,35.318119049072266,1542300,RPRX
2023-01-19 05:00:00+00:00,35.272248742529975,35.41443743927032,34.99704334585367,35.02456283569336,1066800,RPRX
2023-01-20 05:00:00+00:00,35.07961985109047,35.189701355491266,34.70350483657882,35.16218185424805,1050100,RPRX
2023-01-23 05:00:00+00:00,35.15299579632866,35.354814743305546,35.01539133258498,35.18051528930664,1351700,RPRX
2023-01-24 05:00:00+00:00,35.189695097961575,35.29060458381326,34.58424168227873,35.097957611083984,2060700,RPRX
2023-01-25 05:00:00+00:00,35.25390220085906,35.66671205672687,35.14382073910317,35.519935607910156,1184300,RPRX
2023-01-26 05:00:00+00:00,35.63919022043014,35.66671321133001,35.15758162251586,35.51076126098633,1432900,RPRX
2023-01-27 05:00:00+00:00,35.62085554132647,35.82267103061995,35.437384051527985,35.6850700378418,1016200,RPRX
2023-01-30 05:00:00+00:00,35.68506623777854,35.79973546926315,35.39609753480392,35.44655227661133,1355400,RPRX
2023-01-31 05:00:00+00:00,35.455730931203725,35.960274894766805,35.31812644140127,35.95109939575195,1480600,RPRX
2023-02-01 05:00:00+00:00,35.77680403302723,36.006142520418436,35.437384051527985,35.6850700378418,1316000,RPRX
2023-02-02 05:00:00+00:00,35.6850700378418,35.91440852523299,35.08878857085363,35.6850700378418,3712100,RPRX
2023-02-03 05:00:00+00:00,35.64836688639194,35.90063706516569,35.478655184745506,35.7401008605957,1364500,RPRX
2023-02-06 05:00:00+00:00,35.740108732754734,35.86853772469865,35.079616274267835,35.10713577270508,1528900,RPRX
2023-02-07 05:00:00+00:00,35.02456517665257,35.57039175779797,34.84109373346341,35.48324203491211,3114500,RPRX
2023-02-08 05:00:00+00:00,35.584164214798705,35.584164214798705,34.89156093157974,34.896148681640625,1193900,RPRX
2023-02-09 05:00:00+00:00,34.96035336110175,35.180516310168024,34.58423844863881,34.80440139770508,2558200,RPRX
2023-02-10 05:00:00+00:00,35.04291316229156,35.04291316229156,34.7356005028109,34.951175689697266,1328500,RPRX
2023-02-13 05:00:00+00:00,34.74019049487412,35.006223960236206,34.58424201482366,34.85944747924805,1259800,RPRX
2023-02-14 05:00:00+00:00,34.91448997190386,35.16217593971401,34.65762850560407,34.85944747924805,1799500,RPRX
2023-02-15 05:00:00+00:00,34.88711525414817,35.51421318667499,34.26001380367853,34.75800323486328,1993000,RPRX
2023-02-16 05:00:00+00:00,34.610443614263446,34.67038934850955,33.872678376151796,34.3430061340332,2084000,RPRX
2023-02-17 05:00:00+00:00,34.370681310328415,35.126891340894666,34.25079332462113,34.896339416503906,2893200,RPRX
2023-02-21 05:00:00+00:00,34.8041122692499,34.85944246724428,34.3337844786433,34.38911819458008,1136300,RPRX
2023-02-22 05:00:00+00:00,34.51823069018117,34.665783765210165,34.213900494091035,34.250789642333984,1574700,RPRX
2023-02-23 05:00:00+00:00,34.26923421645546,34.46750899083281,34.10323656730499,34.250789642333984,3496000,RPRX
2023-02-24 05:00:00+00:00,34.149348175842555,34.17701679756169,33.27325372213039,33.5499153137207,2288800,RPRX
2023-02-27 05:00:00+00:00,33.69746439598185,33.794295765643895,33.14413776055824,33.291690826416016,2589400,RPRX
2023-02-28 05:00:00+00:00,33.20869504713918,33.457691528183176,32.96892261239844,33.06114196777344,2641800,RPRX
2023-03-01 05:00:00+00:00,32.996586429327515,33.07958525310717,32.756814003932284,32.84903335571289,1290700,RPRX
2023-03-02 05:00:00+00:00,32.75681506903438,32.793704218123196,32.44326433766521,32.56315231323242,1472900,RPRX
2023-03-03 05:00:00+00:00,32.63692173525532,32.97537241079669,32.41559391294499,32.86747360229492,1811300,RPRX
2023-03-06 05:00:00+00:00,32.830586581443356,32.96891911778591,32.258818899249725,32.41559600830078,1150300,RPRX
2023-03-07 05:00:00+00:00,32.3971530167413,32.54470608766819,31.645551593443287,31.714717864990234,1892800,RPRX
2023-03-08 05:00:00+00:00,31.6686148249927,32.08360902327923,31.557950878097444,31.68705940246582,1474600,RPRX
2023-03-09 05:00:00+00:00,31.77004872416235,31.816158395059468,30.875506333400274,30.912395477294922,2602900,RPRX
2023-03-10 05:00:00+00:00,30.737179113878373,31.281278187325757,30.359070643813425,30.525068283081055,2216000,RPRX
2023-03-13 04:00:00+00:00,30.506628798991617,30.949288020519923,30.13774435541331,30.22074317932129,2518500,RPRX
2023-03-14 04:00:00+00:00,30.43285167753643,30.67262411255547,30.340632322054393,30.626514434814453,1918300,RPRX
2023-03-15 04:00:00+00:00,30.681839829368982,31.871488189013455,30.571175929244973,31.81615447998047,3352800,RPRX
2023-03-16 04:00:00+00:00,31.723945771118427,32.3279906790505,31.66400002010993,32.10205078125,2925100,RPRX
2023-03-17 04:00:00+00:00,32.23115615933256,32.332599557686436,31.79771746379975,31.945270538330078,5393000,RPRX
2023-03-20 04:00:00+00:00,32.157373032662,32.80291895599178,31.97293083771888,32.62770080566406,2292400,RPRX
2023-03-21 04:00:00+00:00,32.7660310035718,32.84902981841385,32.24037301555297,32.45248031616211,1665100,RPRX
2023-03-22 04:00:00+00:00,32.48937487029602,32.646151999079,32.11126987703973,32.14815902709961,2391000,RPRX
2023-03-23 04:00:00+00:00,32.27726524785503,32.397153218085315,31.885327730576762,32.09282302856445,1735800,RPRX
2023-03-24 04:00:00+00:00,32.083600613550935,32.683033393558894,31.936047550385936,32.67381286621094,1600400,RPRX
2023-03-27 04:00:00+00:00,34.58278954256688,35.219111603690536,33.97413258733543,34.481346130371094,3460900,RPRX
2023-03-28 04:00:00+00:00,34.25078776742784,34.509004755107945,34.029459925971345,34.18623352050781,2775200,RPRX
2023-03-29 04:00:00+00:00,34.40756379696775,34.40756379696775,33.51302137788406,33.70668411254883,1674300,RPRX
2023-03-30 04:00:00+00:00,33.752792984734526,33.91879061563834,33.36546752458725,33.476131439208984,1733100,RPRX
2023-03-31 04:00:00+00:00,33.45768657685137,33.49457572071939,33.157971957265296,33.227134704589844,1763200,RPRX
2023-04-03 04:00:00+00:00,33.227135166859725,33.36546769931814,32.93202904769472,33.08880615234375,1192500,RPRX
2023-04-04 04:00:00+00:00,33.1072495140638,33.12569056763774,32.54931090003873,32.86747360229492,1943000,RPRX
2023-04-05 04:00:00+00:00,32.97814320929443,33.5591349996045,32.97814320929443,33.44847106933594,1375500,RPRX
2023-04-06 04:00:00+00:00,33.596024992661924,33.669799775379275,33.30091882590652,33.5499153137207,835800,RPRX
2023-04-10 04:00:00+00:00,33.73434797969383,33.762013075623585,33.25479971524001,33.4853515625,923800,RPRX
2023-04-11 04:00:00+00:00,33.57757993451108,33.7896872689441,33.40236174987762,33.6882438659668,1223400,RPRX
2023-04-12 04:00:00+00:00,33.8542378800996,33.87729447572965,33.222527967970265,33.3009147644043,1278000,RPRX
2023-04-13 04:00:00+00:00,33.34702802517828,33.743577590666135,33.20869547240142,33.6882438659668,1056000,RPRX
2023-04-14 04:00:00+00:00,33.55913510832704,33.69746766006809,33.24558437326452,33.439247131347656,1232700,RPRX
2023-04-17 04:00:00+00:00,33.420805708168494,33.73435643979386,33.01042008062015,33.715911865234375,1593700,RPRX
2023-04-18 04:00:00+00:00,33.81734309497791,33.81734309497791,32.890527206638765,33.0980224609375,1316200,RPRX
2023-04-19 04:00:00+00:00,32.93203819549727,33.46692038377648,32.93203819549727,33.42081069946289,975300,RPRX
2023-04-20 04:00:00+00:00,33.31935933731982,33.39313411103932,33.03347373404312,33.3009147644043,1205700,RPRX
2023-04-21 04:00:00+00:00,33.50380165665775,33.642130677056706,33.22713657997465,33.291690826416016,1624700,RPRX
2023-04-24 04:00:00+00:00,33.31013157436856,33.37468581339713,32.9689158083687,33.042694091796875,1565800,RPRX
2023-04-25 04:00:00+00:00,33.03347609305042,33.15336406659153,32.784479617823266,32.830589294433594,1829800,RPRX
2023-04-26 04:00:00+00:00,32.71070368665479,32.94125557952844,32.25882042872765,32.36026382446289,1366300,RPRX
2023-04-27 04:00:00+00:00,32.277261997271424,32.752198289503355,32.24774997869765,32.59081268310547,1331200,RPRX
2023-04-28 04:00:00+00:00,32.664588945009314,32.687645540380586,32.304928572049725,32.41559600830078,1010400,RPRX
2023-05-01 04:00:00+00:00,32.415598724169925,32.68303625599363,32.369485529563896,32.58159637451172,1298800,RPRX
2023-05-02 04:00:00+00:00,32.45248026582602,32.69686820544026,31.991376521405936,32.33259582519531,1880600,RPRX
2023-05-03 04:00:00+00:00,32.54470301241213,32.97813813846039,32.43403558121726,32.59081268310547,1572600,RPRX
2023-05-04 04:00:00+00:00,32.59080961533688,32.618474711560296,32.11126134579272,32.17581558227539,2472500,RPRX
2023-05-05 04:00:00+00:00,32.351042892344054,32.47092734222138,32.129711530056596,32.369483947753906,1876800,RPRX
2023-05-08 04:00:00+00:00,32.36948781324236,32.92281452606666,32.286488982215864,32.75681686401367,1921700,RPRX
2023-05-09 04:00:00+00:00,32.627702604783096,32.75681109297975,31.059949138232746,31.345834732055664,2668900,RPRX
2023-05-10 04:00:00+00:00,31.318163855977645,31.53949518973994,30.86628417987866,31.22594451904297,1980400,RPRX
2023-05-11 04:00:00+00:00,31.179832656839967,31.97754006723256,31.179832656839967,31.81615447998047,2313800,RPRX
2023-05-12 04:00:00+00:00,31.834599537209503,32.36025746827652,31.640936829541026,31.86226463317871,2165400,RPRX
2023-05-15 04:00:00+00:00,31.87149874784829,32.03749641199931,31.594833628967848,31.659391403198242,2297900,RPRX
2023-05-16 04:00:00+00:00,31.521052506512866,31.525664529018467,30.6080655372365,30.644954681396484,1761000,RPRX
2023-05-17 04:00:00+00:00,30.672617971661975,30.71873115811369,30.133127462422085,30.386735916137695,2259500,RPRX
2023-05-18 04:00:00+00:00,31.110455280640313,31.458395070529107,30.82282731956525,31.2032413482666,2184400,RPRX
2023-05-19 04:00:00+00:00,31.203238604815446,31.560455200346386,31.073341660986014,31.277463912963867,1536900,RPRX
2023-05-22 04:00:00+00:00,31.37953105764562,31.398088272052053,30.897054101358652,30.971282958984375,2088200,RPRX
2023-05-23 04:00:00+00:00,30.813547929869063,31.22179956164553,30.099111113686938,30.683650970458984,3407800,RPRX
2023-05-24 04:00:00+00:00,30.535189184374747,30.553746393867893,29.709412828771693,29.894981384277344,1839100,RPRX
2023-05-25 04:00:00+00:00,29.89498267617952,30.052713654548846,29.70941411265458,29.91353988647461,2310500,RPRX
2023-05-26 04:00:00+00:00,29.92281595629615,30.34962116388499,29.904258746475872,30.04343605041504,2838400,RPRX
2023-05-30 04:00:00+00:00,30.13622082349748,30.405295076961792,29.843952710585224,30.16405487060547,2835000,RPRX
2023-05-31 04:00:00+00:00,30.16405243040342,30.53982973309239,30.080546756408744,30.377458572387695,5597200,RPRX
2023-06-01 04:00:00+00:00,30.51663813089379,30.79498925059014,30.11766689487263,30.776432037353516,2629500,RPRX
2023-06-02 04:00:00+00:00,30.934167019410406,31.360972311633795,30.864578353641544,31.008392333984375,2825300,RPRX
2023-06-05 04:00:00+00:00,31.03622322096547,31.268183030480273,30.74859178297383,30.906326293945312,1922300,RPRX
2023-06-06 04:00:00+00:00,31.00838837821825,31.569734281562884,30.98983470651159,31.398082733154297,1803500,RPRX
2023-06-07 04:00:00+00:00,31.28674563235149,31.425919418391974,31.008390981417698,31.351694107055664,1717700,RPRX
2023-06-08 04:00:00+00:00,31.32385147041541,32.14963137465601,31.32385147041541,32.03828811645508,2249700,RPRX
2023-06-09 04:00:00+00:00,31.45375302739595,31.509421118998066,30.451684905446246,30.53519058227539,3392600,RPRX
2023-06-12 04:00:00+00:00,30.572306454521208,30.799626098016816,30.340346623363118,30.44240951538086,1925000,RPRX
2023-06-13 04:00:00+00:00,30.266119843355877,30.525917278787233,30.01560278388263,30.052717208862305,3768000,RPRX
2023-06-14 04:00:00+00:00,30.720759114967198,31.416638574692183,29.74652857923741,29.830034255981445,4746000,RPRX
2023-06-15 04:00:00+00:00,29.876426696777344,30.024880845828335,29.653743703487805,29.876426696777344,4337600,RPRX
2023-06-16 04:00:00+00:00,29.913541239497107,29.997046919889083,29.393949946010782,29.598073959350586,4651800,RPRX
2023-06-20 04:00:00+00:00,29.625909483642843,29.625909483642843,28.865081531770286,29.1434326171875,3966100,RPRX
2023-06-21 04:00:00+00:00,28.97642088433065,29.013535305754555,28.619202541834163,28.744461059570312,2422000,RPRX
2023-06-22 04:00:00+00:00,28.725901974416335,29.041367457082472,28.503220769542516,28.772294998168945,2453900,RPRX
2023-06-23 04:00:00+00:00,28.63312144216757,28.97642099306178,28.466110084559347,28.71662712097168,4090800,RPRX
2023-06-26 04:00:00+00:00,28.71662709525272,28.71662709525272,27.830540632925377,27.87229347229004,2822500,RPRX
2023-06-27 04:00:00+00:00,27.816620639428802,27.932600547134605,27.44548528871282,27.686723709106445,2508000,RPRX
2023-06-28 04:00:00+00:00,27.686725798154416,27.723838451169804,27.09290919220357,27.46404457092285,2273700,RPRX
2023-06-29 04:00:00+00:00,27.677445882105207,28.744460709048553,27.5475489481316,28.37332534790039,3376500,RPRX
2023-06-30 04:00:00+00:00,28.540339133452783,28.66559766032898,28.132089316565143,28.52178192138672,3886300,RPRX
2023-07-03 04:00:00+00:00,28.46611202708071,28.688793262516384,28.289822052051708,28.493946075439453,988500,RPRX
2023-07-05 04:00:00+00:00,28.3269348044985,28.480027370576614,27.974354875247183,28.18775749206543,2006300,RPRX
2023-07-06 04:00:00+00:00,28.02074913297765,28.303738648725027,27.696005005896538,28.28982162475586,2001400,RPRX
2023-07-07 04:00:00+00:00,28.206316319443083,28.299100609811322,27.770232455339443,27.844459533691406,1616600,RPRX
2023-07-10 04:00:00+00:00,27.84445625873704,28.0856946774357,27.73311476944807,27.881568908691406,2075900,RPRX
2023-07-11 04:00:00+00:00,28.076419422639997,28.493946075439453,27.937243871706844,28.493946075439453,2684000,RPRX
2023-07-12 04:00:00+00:00,28.679514363815084,29.18982530193325,28.549617420231506,29.022815704345703,3988800,RPRX
2023-07-13 04:00:00+00:00,29.106321685028988,29.19910420584233,28.447554815032785,28.493946075439453,2111900,RPRX
2023-07-14 04:00:00+00:00,28.55889569940365,28.693431059556012,28.3640485165445,28.512502670288086,1695900,RPRX
2023-07-17 04:00:00+00:00,28.280539733919237,28.526418336997324,28.085694342130893,28.43827247619629,1650600,RPRX
2023-07-18 04:00:00+00:00,28.53105852297069,29.00425677913186,28.43827423887208,28.688791275024414,1197400,RPRX
2023-07-19 04:00:00+00:00,28.855801859495305,29.231575633944882,28.758379160172304,28.818687438964844,1571000,RPRX
2023-07-20 04:00:00+00:00,28.967142829603972,29.14343279529253,28.87436031370657,28.920751571655273,1267000,RPRX
2023-07-21 04:00:00+00:00,28.92075476808546,29.10168317168055,28.744464782912672,28.939311981201172,1747300,RPRX
2023-07-24 04:00:00+00:00,28.809408910492493,29.13415301214627,28.735181838947028,28.763017654418945,1701600,RPRX
2023-07-25 04:00:00+00:00,28.68879177157248,29.03209309776531,28.57281185687009,28.94858741760254,2085800,RPRX
2023-07-26 04:00:00+00:00,28.874359591525735,29.0877622042932,28.701780718423905,28.96714210510254,1594000,RPRX
2023-07-27 04:00:00+00:00,28.976420263898035,29.09704036123003,28.716626398345397,28.763017654418945,1553600,RPRX
2023-07-28 04:00:00+00:00,28.939306798980198,29.06920372810279,28.577448286875512,28.97641944885254,1538500,RPRX
2023-07-31 04:00:00+00:00,29.04136779473731,29.1155948638916,28.809407982416047,29.1155948638916,1995400,RPRX
2023-08-01 04:00:00+00:00,29.226938627013897,29.2733298852033,28.6284818399201,28.67023468017578,1706400,RPRX
2023-08-02 04:00:00+00:00,28.540335359349946,28.72126372878567,28.373324012266842,28.43827247619629,1892700,RPRX
2023-08-03 04:00:00+00:00,28.299100821363304,28.475390797409514,28.1692038757046,28.382606506347656,1790800,RPRX
2023-08-04 04:00:00+00:00,28.401164363734587,28.763021160412194,28.261987039123326,28.39188575744629,1766400,RPRX
2023-08-07 04:00:00+00:00,28.45683085504919,28.832606401426126,28.34548936251466,28.596006393432617,2386700,RPRX
2023-08-08 04:00:00+00:00,27.8351767291224,28.51713912529402,27.52898985589057,28.345487594604492,2613700,RPRX
2023-08-09 04:00:00+00:00,28.503220333524702,29.152708498422708,28.285179319218,28.345487594604492,2216900,RPRX
2023-08-10 04:00:00+00:00,28.373326609805886,28.84652487995769,28.33621395689698,28.36404800415039,1805400,RPRX
2023-08-11 04:00:00+00:00,28.30837754439979,28.4197172704973,27.965076221220887,28.271263122558594,1849000,RPRX
2023-08-14 04:00:00+00:00,28.1413684426426,28.224874128769894,27.83518151674691,27.937244415283203,2382100,RPRX
2023-08-15 04:00:00+00:00,27.80734327169569,28.039303097428025,27.584662051358208,27.64961051940918,1686100,RPRX
2023-08-16 04:00:00+00:00,27.454765914479474,27.575384248697823,27.148579006388044,27.547550201416016,2341500,RPRX
2023-08-17 04:00:00+00:00,27.668987535473494,27.865154378353473,27.314016417335633,27.342041015625,1832300,RPRX
2023-08-18 04:00:00+00:00,27.257967787338337,27.566231227918504,27.06647082851907,27.407428741455078,2168800,RPRX
2023-08-21 04:00:00+00:00,27.3700609852816,28.38826478825514,27.26730769900561,27.687665939331055,1900100,RPRX
2023-08-22 04:00:00+00:00,27.650306114880845,27.837131436112053,27.5335396209681,27.668989181518555,1413600,RPRX
2023-08-23 04:00:00+00:00,27.753057530080156,27.79042366081378,27.552220813390054,27.725034713745117,1427100,RPRX
2023-08-24 04:00:00+00:00,27.725034537017248,27.925873034142324,27.486829909396732,27.612937927246094,1507200,RPRX
2023-08-25 04:00:00+00:00,27.60359825730771,28.262161207150626,27.440125879646992,28.220125198364258,4432600,RPRX
2023-08-28 04:00:00+00:00,28.238808454796235,28.659168545487105,28.19677244572715,28.388269424438477,1777300,RPRX
2023-08-29 04:00:00+00:00,28.444317691937396,28.822639979442492,28.117371163419044,28.705873489379883,1924100,RPRX
2023-08-30 04:00:00+00:00,28.780603702926385,28.836652900467882,28.31353774703858,28.369586944580078,1721300,RPRX
2023-08-31 04:00:00+00:00,28.38826889727997,28.416293496710725,27.809108096099887,27.85581398010254,1792400,RPRX
2023-09-01 04:00:00+00:00,28.023956600919536,28.649825036275345,28.023956600919536,28.276172637939453,1770200,RPRX
2023-09-05 04:00:00+00:00,28.22946284662797,28.285512038439727,27.500841170225552,27.556888580322266,2211400,RPRX
2023-09-06 04:00:00+00:00,27.668987928674106,27.68766921275063,27.11784995982411,27.155214309692383,1343700,RPRX
2023-09-07 04:00:00+00:00,27.117849812441214,27.19258029348683,26.580723254996652,26.959047317504883,5279300,RPRX
2023-09-08 04:00:00+00:00,26.959047635527412,27.426113593001052,26.846951021779038,27.267311096191406,1822500,RPRX
2023-09-11 04:00:00+00:00,27.342038198897765,27.477487737436476,27.080480653621116,27.108505249023438,1737900,RPRX
2023-09-12 04:00:00+00:00,27.06179830833032,27.314014328500853,26.762876409631197,27.229942321777344,2138200,RPRX
2023-09-13 04:00:00+00:00,27.17389712754746,27.25796914112802,26.68347823613765,26.874975204467773,1703700,RPRX
2023-09-14 04:00:00+00:00,26.884316076026007,27.314015884455262,26.801177683256835,26.865633010864258,2607700,RPRX
2023-09-15 04:00:00+00:00,26.80024723033354,26.949708205852517,26.239767681279698,26.277132034301758,4021500,RPRX
2023-09-18 04:00:00+00:00,26.20240143548744,26.309828181544553,25.77737145408515,26.137012481689453,2589900,RPRX
2023-09-19 04:00:00+00:00,26.06228021770072,26.19305989809741,25.511142242235692,25.6138973236084,2519800,RPRX
2023-09-20 04:00:00+00:00,25.65126174839018,25.926830736922664,25.613897397964973,25.641921997070312,2189000,RPRX
2023-09-21 04:00:00+00:00,25.543836213308005,25.54850787057752,24.212698965928855,24.530303955078125,4498200,RPRX
2023-09-22 04:00:00+00:00,24.595693588256836,24.731143145402534,24.23138270655555,24.595693588256836,3427000,RPRX
2023-09-25 04:00:00+00:00,24.52096216238998,24.936650569211306,24.390184267672762,24.857250213623047,1882900,RPRX
2023-09-26 04:00:00+00:00,24.791860078627057,25.12814633203537,24.619044404069136,24.97868537902832,1839700,RPRX
2023-09-27 04:00:00+00:00,25.25892538208291,25.296289728559806,24.717127213589908,24.941320419311523,2838800,RPRX
2023-09-28 04:00:00+00:00,24.89461410462124,25.29629109582004,24.89461410462124,25.01605224609375,1560400,RPRX
2023-09-29 04:00:00+00:00,25.184192871806374,25.56718855505254,24.852576505163697,25.352336883544922,2763400,RPRX
2023-10-02 04:00:00+00:00,25.361681923050302,25.42707087405532,24.86659313303212,25.044076919555664,2312100,RPRX
2023-10-03 04:00:00+00:00,24.903956441686777,25.291622037437197,24.903956441686777,25.221561431884766,1979100,RPRX
2023-10-04 04:00:00+00:00,25.2402466996039,25.41773049418107,24.81054505937703,24.894617080688477,2340200,RPRX
2023-10-05 04:00:00+00:00,24.847907358643745,24.912362683814507,24.558326986444523,24.838565826416016,4079300,RPRX
2023-10-06 04:00:00+00:00,24.73581241373311,25.357010985704687,24.73581241373311,25.221561431884766,1599300,RPRX
2023-10-09 04:00:00+00:00,25.11880487673147,25.244912890289193,24.819882969801363,25.006710052490234,1845400,RPRX
2023-10-10 04:00:00+00:00,25.025395803164695,25.36168209369829,25.025395803164695,25.156173706054688,1400000,RPRX
2023-10-11 04:00:00+00:00,25.1748531215676,25.417725825506572,25.061822901156017,25.352336883544922,1213700,RPRX
2023-10-12 04:00:00+00:00,25.38970430891135,25.445751721783516,25.016051920238382,25.314973831176758,1983600,RPRX
2023-10-13 04:00:00+00:00,25.221562247322552,26.052939099400223,25.221562247322552,26.00623321533203,2677900,RPRX
2023-10-16 04:00:00+00:00,25.959525479940815,26.33317787098487,25.763356861070722,26.11832618713379,2022400,RPRX
2023-10-17 04:00:00+00:00,26.090306417883518,26.63210289359053,25.960462130019767,26.60407829284668,2443300,RPRX
2023-10-18 04:00:00+00:00,26.520003302894246,26.576052498106137,25.586806830398643,25.651260375976562,2491200,RPRX
2023-10-19 04:00:00+00:00,25.688628497619987,26.5760545584057,25.604556479999644,26.25844955444336,2066500,RPRX
2023-10-20 04:00:00+00:00,26.31449514004081,26.379884086589175,25.810063069441703,25.81940460205078,1453700,RPRX
2023-10-23 04:00:00+00:00,25.660604383101806,25.908150564872,25.436412925779702,25.5765323638916,2196800,RPRX
2023-10-24 04:00:00+00:00,25.68862670895405,25.931501211644527,25.581201756522425,25.81940460205078,1521300,RPRX
2023-10-25 04:00:00+00:00,25.557849734779055,25.697969165522796,25.268267558631393,25.501800537109375,1015100,RPRX
2023-10-26 04:00:00+00:00,25.3990459706316,25.683956475231003,25.38036290567407,25.455093383789062,1731100,RPRX
2023-10-27 04:00:00+00:00,25.51114227151861,25.51114227151861,24.4555739844169,24.483596801757812,2505900,RPRX
2023-10-30 04:00:00+00:00,24.558326513919273,24.997367829884396,24.51161885367933,24.941320419311523,2259100,RPRX
2023-10-31 04:00:00+00:00,24.97868811528654,25.38970667193798,24.86659327910952,25.100126266479492,2588100,RPRX
2023-11-01 04:00:00+00:00,25.01605449883581,25.511143296716938,25.01605449883581,25.436412811279297,1847700,RPRX
2023-11-02 04:00:00+00:00,25.52982343442991,25.88946441112244,25.342996351413106,25.66994285583496,1767100,RPRX
2023-11-03 04:00:00+00:00,26.0155704590805,26.23976187273097,25.74467138734766,26.108983993530273,1264600,RPRX
2023-11-06 05:00:00+00:00,26.118328027286676,26.303287889228507,25.861442101702323,25.950185775756836,1438200,RPRX
2023-11-07 05:00:00+00:00,25.669943542722617,26.02958452903858,25.492459768994085,25.735332489013672,2571300,RPRX
2023-11-08 05:00:00+00:00,25.380362082851498,25.82874493700505,24.558326850236647,25.800722122192383,2629700,RPRX
2023-11-09 05:00:00+00:00,26.03425866806839,26.590066546243538,25.520485017903113,25.604557037353516,2456700,RPRX
2023-11-10 05:00:00+00:00,25.66060360131918,25.70731126707702,24.79186239880656,25.42707061767578,3579600,RPRX
2023-11-13 05:00:00+00:00,25.314972585460108,25.464433533574518,25.044073503430837,25.32431411743164,1908300,RPRX
2023-11-14 05:00:00+00:00,25.632579243891996,25.968865508572193,25.58587158093977,25.70730972290039,1533100,RPRX
2023-11-15 05:00:00+00:00,25.735332669542778,25.828746214206063,25.188866373092598,25.240243911743164,1479700,RPRX
2023-11-16 05:00:00+00:00,25.362588294813172,25.40023127618305,24.534421164655058,24.967327117919922,3285400,RPRX
2023-11-17 05:00:00+00:00,25.02379193111634,25.17436744325154,24.82616044956283,25.033203125,1351500,RPRX
2023-11-20 05:00:00+00:00,24.93909289814716,25.45669599501369,24.920270510442492,25.343765258789062,1574400,RPRX
2023-11-21 05:00:00+00:00,25.324944219040237,25.56492518754385,25.28259474195147,25.409643173217773,2038700,RPRX
2023-11-22 05:00:00+00:00,25.466107992553386,25.684443029813593,25.428465010957762,25.57904052734375,1157900,RPRX
2023-11-24 05:00:00+00:00,25.579040858395526,25.739027571001454,25.437876534331888,25.466108322143555,522000,RPRX
2023-11-27 05:00:00+00:00,25.390819674313196,25.560217575261447,25.296709529897313,25.54139518737793,1949100,RPRX
2023-11-28 05:00:00+00:00,25.531983877200403,25.630800515638153,25.32023829698078,25.494340896606445,1753000,RPRX
2023-11-29 05:00:00+00:00,25.48492867029215,25.53198284287882,25.26847660439087,25.31553077697754,2218800,RPRX
2023-11-30 05:00:00+00:00,25.35317534820174,25.48492846639158,24.995557177398446,25.47551727294922,7101600,RPRX
2023-12-01 05:00:00+00:00,25.47551519869212,25.74843440129425,25.259063152146503,25.739023208618164,4544800,RPRX
2023-12-04 05:00:00+00:00,25.739027409810987,26.783644837341413,25.635506068478463,26.651891708374023,3954200,RPRX
2023-12-05 05:00:00+00:00,26.520136030081353,26.81658233676297,26.331915753933938,26.774232864379883,3005800,RPRX
2023-12-06 05:00:00+00:00,26.6142486385272,27.37183092258651,26.60483744434611,27.065975189208984,3011300,RPRX
2023-12-07 05:00:00+00:00,27.056563659234705,27.423591252733335,26.755412629184367,27.07538604736328,2283200,RPRX
2023-12-08 05:00:00+00:00,26.97186210563727,27.084794628512224,26.821286605138372,26.887163162231445,1790900,RPRX
2023-12-11 05:00:00+00:00,26.90598713267719,27.390651941255836,26.877753551545766,27.000097274780273,2061700,RPRX
2023-12-12 05:00:00+00:00,27.000097820865644,27.065974383169678,26.56719187643646,26.830699920654297,2755400,RPRX
2023-12-13 05:00:00+00:00,26.755413968086234,27.616517625540393,26.609543145292637,27.49888038635254,2877400,RPRX
2023-12-14 05:00:00+00:00,27.78121047865736,27.884730027204657,26.69894825110503,26.943632125854492,5761600,RPRX
2023-12-15 05:00:00+00:00,26.793056914401568,26.837289349156254,25.720205868883408,25.757850646972656,5810200,RPRX
2023-12-18 05:00:00+00:00,25.83313334037757,25.87077631608046,25.174364213063186,25.739023208618164,3484900,RPRX
2023-12-19 05:00:00+00:00,25.833137418662524,26.15311084015793,25.560218172974547,26.143699645996094,2783400,RPRX
2023-12-20 05:00:00+00:00,26.181340626111837,26.25662837864912,25.47551727294922,25.47551727294922,2542500,RPRX
2023-12-21 05:00:00+00:00,25.58845418408654,25.974304206334466,25.527282313729604,25.767261505126953,1494600,RPRX
2023-12-22 05:00:00+00:00,25.767259381006276,26.110761689692737,25.739027593170295,25.92724609375,1205800,RPRX
2023-12-26 05:00:00+00:00,25.833137161698723,25.97900618225183,25.63550567626953,25.63550567626953,1179500,RPRX
2023-12-27 05:00:00+00:00,25.315530259460708,26.41002709266742,25.315530259460708,26.360149383544922,2244300,RPRX
2023-12-28 05:00:00+00:00,26.350737958394696,26.797759764903493,26.24251192860862,26.313093185424805,1746900,RPRX
2023-12-29 05:00:00+00:00,26.284860750626883,26.501312804845785,26.22839538757011,26.435436248779297,1402900,RPRX
2024-01-02 05:00:00+00:00,26.341327477344905,27.098911501331866,26.322505090351058,26.604835510253906,3969500,RPRX
2024-01-03 05:00:00+00:00,26.482495024223947,26.628365848739705,25.85666583775691,26.106056213378906,2537200,RPRX
2024-01-04 05:00:00+00:00,26.115463376641127,26.303683650509434,25.748435817099644,26.162517547607422,2435100,RPRX
2024-01-05 05:00:00+00:00,25.98371257850031,26.331917782698728,25.819019375432003,25.842546463012695,1630400,RPRX
2024-01-08 05:00:00+00:00,25.842544293310613,26.317799679546827,25.564922170164753,26.313093185424805,2522800,RPRX
2024-01-09 05:00:00+00:00,26.31309744751064,26.868345373742255,26.237809684377634,26.661304473876953,2204900,RPRX
2024-01-10 05:00:00+00:00,26.63306669550545,27.094206191453765,26.51072477280594,27.084794998168945,2263900,RPRX
2024-01-11 05:00:00+00:00,26.98127769002102,26.98127769002102,26.56719409875579,26.92481231689453,2276200,RPRX
2024-01-12 05:00:00+00:00,27.065975054392897,27.31536541644342,26.68200623172471,26.708356857299805,1761000,RPRX
2024-01-16 05:00:00+00:00,26.642479288970165,26.811877186996387,26.464612573043638,26.736589431762695,1974100,RPRX
2024-01-17 05:00:00+00:00,26.52955133714466,26.68483156329317,26.36956461611179,26.661304473876953,2377000,RPRX
2024-01-18 05:00:00+00:00,26.651892033857905,26.844817030059843,26.20016547616582,26.388385772705078,1860500,RPRX
2024-01-19 05:00:00+00:00,26.538959590393464,27.390651979873088,26.33191691847444,27.35771369934082,2789600,RPRX
2024-01-22 05:00:00+00:00,27.48005912044227,27.743565380979618,27.28242763003749,27.517702102661133,2158400,RPRX
2024-01-23 05:00:00+00:00,27.508287900335088,27.76238473378366,27.37653478447357,27.649452209472656,2613200,RPRX
2024-01-24 05:00:00+00:00,27.715331540997326,27.800030488470792,27.29654150293335,27.367124557495117,1919800,RPRX
2024-01-25 05:00:00+00:00,27.442415124518945,27.63534012576292,26.94363258215563,27.395360946655273,1433300,RPRX
2024-01-26 05:00:00+00:00,27.545936469821214,27.724743781704625,27.32477788485794,27.395360946655273,1334400,RPRX
2024-01-29 05:00:00+00:00,27.395361058049062,27.44241523610406,27.169497772381757,27.33889389038086,1467800,RPRX
2024-01-30 05:00:00+00:00,27.357714000889178,27.357714000889178,26.92010336042074,26.990686416625977,2079900,RPRX
2024-01-31 05:00:00+00:00,27.009509344940753,27.127146577636484,26.571898695712495,26.7177677154541,1992300,RPRX
2024-02-01 05:00:00+00:00,26.783643742424843,27.014213503693828,26.557780475570436,26.990686416625977,1442500,RPRX
2024-02-02 05:00:00+00:00,26.774231678096765,26.821285847548,26.280153923851255,26.444847106933594,2275200,RPRX
2024-02-05 05:00:00+00:00,26.294273687797066,26.294273687797066,25.73902582840359,26.07781982421875,3023300,RPRX
2024-02-06 05:00:00+00:00,26.3883850189195,28.430565664526025,26.115465776233705,28.411745071411133,6472100,RPRX
2024-02-07 05:00:00+00:00,28.411744550199778,28.552908868481317,27.56475684550885,27.602399826049805,3819300,RPRX
2024-02-08 05:00:00+00:00,27.395360029858526,27.498879576694645,26.633069449964264,27.009510040283203,3359200,RPRX
2024-02-09 05:00:00+00:00,26.990685258068865,27.865906501437454,26.915397505682407,27.536521911621094,3612700,RPRX
2024-02-12 05:00:00+00:00,27.385949863437695,27.55534777643863,27.22690372600871,27.33889389038086,3768800,RPRX
2024-02-13 05:00:00+00:00,27.310658771943267,27.69650872895887,27.197726245376977,27.583576202392578,3082100,RPRX
2024-02-14 05:00:00+00:00,27.545933558504615,27.654159592154162,27.122438822483225,27.57416534423828,2654500,RPRX
2024-02-15 05:00:00+00:00,28.12393984469033,29.247190724719196,27.962798223288594,28.465181350708008,4814500,RPRX
2024-02-16 05:00:00+00:00,28.465182875651205,28.692676622530506,28.02441317608519,28.36091423034668,3641900,RPRX
2024-02-20 05:00:00+00:00,28.35143796227622,28.81590463506987,28.294564971801016,28.721115112304688,5636000,RPRX
2024-02-21 05:00:00+00:00,28.77798884423033,29.654787829404714,28.654761926814437,29.60265350341797,6577800,RPRX
2024-02-22 05:00:00+00:00,29.479430043453345,29.650050826062447,29.105012415834462,29.40359878540039,2942500,RPRX
2024-02-23 05:00:00+00:00,29.536299595409385,29.593172580336113,29.15240287924487,29.413074493408203,2378900,RPRX
2024-02-26 05:00:00+00:00,29.356201462462188,29.958112830271826,29.299328474121978,29.69744300842285,2774000,RPRX
2024-02-27 05:00:00+00:00,29.782756049784624,30.005511168583357,29.545783134623374,29.669008255004883,2423300,RPRX
2024-02-28 05:00:00+00:00,29.564740218883966,29.678486201152953,28.787469377526648,29.014963150024414,2440300,RPRX
2024-02-29 05:00:00+00:00,29.100274780388563,29.123971710374118,28.56945414732083,28.759033203125,4580600,RPRX
2024-03-01 05:00:00+00:00,28.882254238587343,28.882254238587343,28.019673091809537,28.370393753051758,2680900,RPRX
2024-03-04 05:00:00+00:00,28.455708313602294,28.50310217382889,28.1002489380232,28.332481384277344,2168300,RPRX
2024-03-05 05:00:00+00:00,28.332481247524942,28.37987691548265,27.69265509775477,27.896451950073242,2844300,RPRX
2024-03-06 05:00:00+00:00,28.19977530612016,28.43674820785226,28.038633660623937,28.190296173095703,3098100,RPRX
2024-03-07 05:00:00+00:00,28.19029612177368,28.702158456403833,27.88697109738237,28.47466468811035,1885800,RPRX
2024-03-08 05:00:00+00:00,28.588411679618094,28.8917367147398,28.351438769934283,28.7874698638916,2162300,RPRX
2024-03-11 04:00:00+00:00,28.89173523876581,29.052876881437054,28.44148637177619,28.5125789642334,2027400,RPRX
2024-03-12 04:00:00+00:00,28.43675027766534,28.977048243667397,28.341960748481142,28.768512725830078,3809200,RPRX
2024-03-13 04:00:00+00:00,28.777989292124047,28.986524791356928,28.304043496445903,28.322999954223633,1736600,RPRX
2024-03-14 04:00:00+00:00,28.266127801358017,28.474665114721194,28.123944420039354,28.294565200805664,2178900,RPRX
2024-03-15 04:00:00+00:00,28.17133591433245,28.683198213687625,28.152379457584196,28.522056579589844,3450300,RPRX
2024-03-18 04:00:00+00:00,28.569452693441303,28.625378313181933,28.304044198373756,28.484142303466797,1705800,RPRX
2024-03-19 04:00:00+00:00,28.465185092361217,28.79220703997444,28.465185092361217,28.60736846923828,2221600,RPRX
2024-03-20 04:00:00+00:00,28.43675060046045,28.929654711445476,28.346701541091225,28.82538604736328,3432500,RPRX
2024-03-21 04:00:00+00:00,28.94860610269333,29.04339380247791,28.726798401457884,28.844337463378906,2172800,RPRX
2024-03-22 04:00:00+00:00,28.986524333993366,29.067096058126413,28.65476192066143,28.692678451538086,1591000,RPRX
2024-03-25 04:00:00+00:00,28.692678841395203,28.886996544879075,28.51257893320341,28.702157974243164,1321100,RPRX
2024-03-26 04:00:00+00:00,28.64528313523232,28.801686115055176,28.460444564866926,28.654762268066406,1541800,RPRX
2024-03-27 04:00:00+00:00,28.834862924246128,28.948610713247156,28.607369154203845,28.863300323486328,1424600,RPRX
2024-03-28 04:00:00+00:00,28.910694981424864,29.195061749861505,28.721115930493887,28.7874698638916,2888700,RPRX
2024-04-01 04:00:00+00:00,28.92965065104506,28.958086240560117,28.30878103254448,28.341957092285156,1534400,RPRX
2024-04-02 04:00:00+00:00,28.39882988861607,28.39882988861607,27.886969393225186,27.905927658081055,1675400,RPRX
2024-04-03 04:00:00+00:00,27.948583375758712,28.014935496042728,27.185530376573162,27.29927635192871,3624800,RPRX
2024-04-04 04:00:00+00:00,27.384587535416436,27.640518699363817,27.043347791446333,27.223445892333984,2542300,RPRX
2024-04-05 04:00:00+00:00,27.176052682729797,27.995978713001893,27.081263159608678,27.668956756591797,2987700,RPRX
2024-04-08 04:00:00+00:00,27.60260647380452,27.792183724731206,27.545731671362606,27.716352462768555,3786700,RPRX
2024-04-09 04:00:00+00:00,27.70687234599707,28.180818168438183,27.664217149658977,28.17133903503418,1886200,RPRX
2024-04-10 04:00:00+00:00,27.905929954926634,28.160911948774086,27.635780986354217,27.915409088134766,2404000,RPRX
2024-04-11 04:00:00+00:00,27.99123848470567,28.057590604791038,27.01490952470184,27.5362491607666,3221000,RPRX
2024-04-12 04:00:00+00:00,27.545727398383868,27.545727398383868,26.41773777766163,26.74949836730957,3161400,RPRX
2024-04-15 04:00:00+00:00,26.891680888777916,27.104955015938284,26.559918523920377,26.77793312072754,2428900,RPRX
2024-04-16 04:00:00+00:00,26.626276993730084,26.659453057342432,26.029104232788086,26.029104232788086,2171600,RPRX
2024-04-17 04:00:00+00:00,26.10493541419363,26.32768870977729,25.99592628968024,26.171287536621094,2334900,RPRX
2024-04-18 04:00:00+00:00,26.10493449837849,26.57413980934613,26.06701796805885,26.436695098876953,2091900,RPRX
2024-04-19 04:00:00+00:00,26.398781067297396,26.721064351608856,26.247118557969618,26.692626953125,1775800,RPRX
2024-04-22 04:00:00+00:00,26.777935904583753,26.920119273458642,26.23763801808339,26.370342254638672,2720400,RPRX
2024-04-23 04:00:00+00:00,26.389300519277892,26.512525623513564,25.792127838859873,26.370342254638672,4682000,RPRX
2024-04-24 04:00:00+00:00,26.446177633439643,26.540967163472597,26.161810851300682,26.522008895874023,2578300,RPRX
2024-04-25 04:00:00+00:00,26.597837490055102,26.735282204416652,26.209202083071197,26.645233154296875,3308500,RPRX
2024-04-26 04:00:00+00:00,26.522005861157595,26.79689528600362,26.360864220927787,26.540964126586914,1748300,RPRX
2024-04-29 04:00:00+00:00,26.57888142106572,26.782676452427044,26.4461753672075,26.654712677001953,3605100,RPRX
2024-04-30 04:00:00+00:00,26.578878870362537,26.66418744313918,26.237637347417643,26.256595611572266,2630800,RPRX
2024-05-01 04:00:00+00:00,26.266075415661202,26.740021216517967,26.256598090648648,26.607316970825195,3114900,RPRX
2024-05-02 04:00:00+00:00,26.806376426530043,27.479378628041776,26.768459892831437,27.261363983154297,5351500,RPRX
2024-05-03 04:00:00+00:00,27.166572658008292,27.28032044361236,26.66892993790489,26.92959976196289,2169400,RPRX
2024-05-06 04:00:00+00:00,26.929600871366134,27.2329259015266,26.88220701338848,27.00543212890625,1861000,RPRX
2024-05-07 04:00:00+00:00,27.014911007822626,27.090742264649,26.631014253161734,26.80637550354004,2949000,RPRX
2024-05-08 04:00:00+00:00,26.80637595179765,26.972256263891776,26.41774052806873,26.53148651123047,3494000,RPRX
2024-05-09 04:00:00+00:00,26.75898142445552,27.34667505567118,26.431959448996732,26.512529373168945,5005100,RPRX
2024-05-10 04:00:00+00:00,27.014907569301805,27.100217948367945,26.57887835003892,26.626272201538086,2879900,RPRX
2024-05-13 04:00:00+00:00,26.83481097775777,27.071783880300924,26.635754607442212,26.90116310119629,2033700,RPRX
2024-05-14 04:00:00+00:00,26.91064199409996,27.005431515863265,26.3513858044522,26.607316970825195,2239800,RPRX
2024-05-15 04:00:00+00:00,26.749501792785516,26.896425649844044,26.64523494038384,26.740022659301758,1906700,RPRX
2024-05-16 04:00:00+00:00,26.749572648199084,26.93102331037117,26.577672212617053,26.62542152404785,3013300,RPRX
2024-05-17 04:00:00+00:00,26.52992208725303,26.57767139721889,26.014220796328562,26.042871475219727,1906600,RPRX
2024-05-20 04:00:00+00:00,26.02376991628072,26.453520973781167,25.937819704780633,26.243419647216797,1871600,RPRX
2024-05-21 04:00:00+00:00,26.10016858533667,26.448743615939946,25.866192616606643,25.947368621826172,2128500,RPRX
2024-05-22 04:00:00+00:00,25.918719484982756,26.334146118124554,25.861419950642954,26.100170135498047,2406600,RPRX
2024-05-23 04:00:00+00:00,26.004668877247614,26.10971953815749,25.61311873215355,25.641769409179688,2687600,RPRX
2024-05-24 04:00:00+00:00,25.584471250132147,25.718170773726435,25.269319250483797,25.422121047973633,1727300,RPRX
2024-05-28 04:00:00+00:00,25.37436956895387,25.484194436331112,25.08405034720032,25.441219329833984,3118000,RPRX
2024-05-29 04:00:00+00:00,25.374369296211103,25.38391952216552,24.930293807687175,25.202468872070312,3171400,RPRX
2024-05-30 04:00:00+00:00,25.21201909802473,25.29319510787759,24.930293807687175,25.202468872070312,4424100,RPRX
2024-05-31 04:00:00+00:00,25.30752218362681,26.252972793791276,25.259772870378725,26.176572799682617,7227000,RPRX
2024-06-03 04:00:00+00:00,25.880519718846855,26.233868963046262,25.54626910457657,25.632219314575195,3552900,RPRX
2024-06-04 04:00:00+00:00,25.546268486351586,25.823219561093616,25.278867637102653,25.804119110107422,2156200,RPRX
2024-06-05 04:00:00+00:00,25.93781888730074,26.033319321681997,25.727719388877397,25.785018920898438,2203600,RPRX
2024-06-06 04:00:00+00:00,25.670420565567415,26.100171651882274,25.670420565567415,25.8709716796875,1702100,RPRX
2024-06-07 04:00:00+00:00,25.928269738498475,26.44397101266251,25.804120443710477,26.224319458007812,2437000,RPRX
2024-06-10 04:00:00+00:00,26.167022837523803,26.195673518674305,25.484197086353085,26.157472610473633,3232100,RPRX
2024-06-11 04:00:00+00:00,26.119271224990424,26.319820510834575,25.875745010443215,26.186120986938477,2158200,RPRX
2024-06-12 04:00:00+00:00,26.36757290610833,26.45352312459664,25.875746251087563,25.976022720336914,2092300,RPRX
2024-06-13 04:00:00+00:00,25.947372040334315,26.114496453217424,25.727722291539518,25.976022720336914,2126100,RPRX
2024-06-14 04:00:00+00:00,25.928269805110773,25.9760209351668,25.503294765968622,25.708620071411133,1907900,RPRX
2024-06-17 04:00:00+00:00,25.785020669035667,25.81367134774825,25.26454517896658,25.41257095336914,1804400,RPRX
2024-06-18 04:00:00+00:00,25.42212233095298,25.83277114864815,24.963720558388086,25.07832145690918,2870000,RPRX
2024-06-20 04:00:00+00:00,25.116519059794722,25.479420365761655,24.973269311236987,25.431669235229492,1606200,RPRX
2024-06-21 04:00:00+00:00,25.383919802902856,25.727720654986758,25.269318911701767,25.69906997680664,3207100,RPRX
2024-06-24 04:00:00+00:00,25.746818397110005,26.12882014025185,25.746818397110005,25.89006996154785,2947700,RPRX
2024-06-25 04:00:00+00:00,25.80411885813235,25.899619290611504,25.536718011494564,25.689517974853516,2658200,RPRX
2024-06-26 04:00:00+00:00,25.594020185491573,25.832770380585785,25.364820216783464,25.383920669555664,2437200,RPRX
2024-06-27 04:00:00+00:00,25.31706964213894,25.56537005122012,25.18337012244882,25.46986961364746,2173300,RPRX
2024-06-28 04:00:00+00:00,25.565370526076606,25.670419369990324,24.96371903325719,25.18337059020996,5222600,RPRX
2024-07-01 04:00:00+00:00,25.307520524753183,25.55104492078698,24.95416943671261,25.011470794677734,2659000,RPRX
2024-07-02 04:00:00+00:00,24.93506941215806,25.04489427650819,24.667668554488618,24.715417861938477,2021700,RPRX
2024-07-03 04:00:00+00:00,24.84912058945821,25.173820998507196,24.701094813664888,24.753620147705078,1570000,RPRX
2024-07-05 04:00:00+00:00,24.677221812696708,24.696322266631505,24.285671614631127,24.51487159729004,5298000,RPRX
2024-07-08 04:00:00+00:00,24.600821201999757,24.615145631332123,24.28567100605123,24.553070068359375,2235400,RPRX
2024-07-09 04:00:00+00:00,24.467119000008534,24.524418532602663,24.06601862881104,24.476667404174805,1854000,RPRX
2024-07-10 04:00:00+00:00,24.467121407728204,24.591270710819106,24.314319603241696,24.57217025756836,2247700,RPRX
2024-07-11 04:00:00+00:00,24.79181915016295,25.62935559896945,24.772720519090516,25.527170181274414,2912100,RPRX
2024-07-12 04:00:00+00:00,25.785018371678618,25.823219273225156,25.49851889615655,25.56536865234375,1959700,RPRX
2024-07-15 04:00:00+00:00,25.61311962353138,25.662779705860025,25.379145461659448,25.450769424438477,1857600,RPRX
2024-07-16 04:00:00+00:00,25.42212110908274,26.472620491024834,25.38392020423861,26.443971633911133,2869500,RPRX
2024-07-17 04:00:00+00:00,26.42487108009628,26.859396352674324,26.329370639871783,26.835521697998047,2154800,RPRX
2024-07-18 04:00:00+00:00,26.740023667819987,27.437173847709172,26.625422764917865,27.055173873901367,2740100,RPRX
2024-07-19 04:00:00+00:00,26.959670381159786,27.198420565523268,26.78776995697498,26.873720169067383,2514200,RPRX
2024-07-22 04:00:00+00:00,26.997870427803413,27.222294355346456,26.778220702327545,27.18886947631836,1226600,RPRX
2024-07-23 04:00:00+00:00,27.341671097073103,27.523121752425915,27.150672037008555,27.207971572875977,1117200,RPRX
2024-07-24 04:00:00+00:00,27.179320265234008,27.446721128959815,27.09337187418148,27.379871368408203,1438600,RPRX
2024-07-25 04:00:00+00:00,27.341670333191097,27.876472058076903,27.207970812729318,27.389421463012695,2179900,RPRX
2024-07-26 04:00:00+00:00,27.494474411010742,27.76187347414659,27.398973964953868,27.494474411010742,2495100,RPRX
2024-07-29 04:00:00+00:00,27.494471863557347,27.580420253373678,27.32734564306273,27.40852165222168,2391700,RPRX
2024-07-30 04:00:00+00:00,27.589974709798835,27.59952493713601,27.13635075116041,27.255725860595703,4017900,RPRX
2024-07-31 04:00:00+00:00,27.255723454432392,27.28437231239516,26.74002215286915,26.902372360229492,3814700,RPRX
2024-08-01 04:00:00+00:00,27.055171596216578,27.332122692361366,26.835521857458616,27.207971572875977,3952600,RPRX
2024-08-02 04:00:00+00:00,27.169771964440603,27.28437103396093,26.654070687041017,27.246171951293945,3284800,RPRX
2024-08-05 04:00:00+00:00,26.329370122341825,26.70181982822517,26.18612037558049,26.224319458007812,2507400,RPRX
2024-08-06 04:00:00+00:00,26.061968592981916,26.529918692543248,25.823218430663733,25.880517959594727,3574600,RPRX
2024-08-07 04:00:00+00:00,26.090617224750847,26.32936738503813,25.899618189432527,26.023767471313477,4361600,RPRX
2024-08-08 04:00:00+00:00,26.386671155203477,26.386671155203477,24.55306955658047,24.973270416259766,5105400,RPRX
2024-08-09 04:00:00+00:00,25.135620995409987,25.546271634624638,24.763171262875524,25.07832145690918,5601800,RPRX
2024-08-12 04:00:00+00:00,25.192917990856664,25.498519748891336,25.07067947346596,25.250219345092773,4200900,RPRX
2024-08-13 04:00:00+00:00,25.31707077542586,25.889115307294876,25.221570333578246,25.651321411132812,4491100,RPRX
2024-08-14 04:00:00+00:00,25.603569397523636,25.77546982262428,25.30751967736106,25.450769424438477,1618600,RPRX
2024-08-15 04:00:00+00:00,25.460322171844123,26.252972793791276,25.460322171844123,26.176572799682617,2920200,RPRX
2024-08-16 04:00:00+00:00,26.176571234352192,26.946469632475612,25.95522383875696,26.1476993560791,1961700,RPRX
2024-08-19 04:00:00+00:00,26.2631861762195,26.542273669338012,26.248749318663563,26.455659866333008,1319300,RPRX
2024-08-20 04:00:00+00:00,26.513401454431996,26.513401454431996,26.205442085679742,26.23431396484375,2125300,RPRX
2024-08-21 04:00:00+00:00,26.35942015222395,26.657757378526796,26.272806355630546,26.561519622802734,3934000,RPRX
2024-08-22 04:00:00+00:00,26.65775829886863,26.927221821500037,26.609638501554034,26.686628341674805,4108800,RPRX
2024-08-23 04:00:00+00:00,26.773242884321675,27.345856556970865,26.773242884321675,27.129322052001953,2846600,RPRX
2024-08-26 04:00:00+00:00,27.235179851602997,27.59125899200697,27.148566056250203,27.341041564941406,1566800,RPRX
2024-08-27 04:00:00+00:00,27.350667375248648,27.48539913910273,27.158191853529146,27.4469051361084,1367400,RPRX
2024-08-28 04:00:00+00:00,27.437282647630298,27.79817289351806,27.361254647272094,27.725994110107422,1269500,RPRX
2024-08-29 04:00:00+00:00,27.764487289337342,28.110940643983486,27.54314173361681,28.033950805664062,1262500,RPRX
2024-08-30 04:00:00+00:00,28.053199372753465,28.26492280971401,27.76929899321484,27.937715530395508,2939900,RPRX
2024-09-03 04:00:00+00:00,27.908843526542427,28.187932842887484,27.740428825701493,27.793357849121094,1851400,RPRX
2024-09-04 04:00:00+00:00,27.812606744485194,28.236051795787596,27.76448878129333,28.168685913085938,1914300,RPRX
2024-09-05 04:00:00+00:00,28.24567499968125,28.25529895917861,27.95215065955082,27.97620964050293,2044100,RPRX
2024-09-06 04:00:00+00:00,27.937715768858038,28.024329569157086,27.528705748427512,27.620132446289062,2735600,RPRX
2024-09-09 04:00:00+00:00,27.697122534888635,27.697122534888635,26.994588166667338,27.052331924438477,3618000,RPRX
2024-09-10 04:00:00+00:00,27.071577305850766,27.196686942193494,26.753993988678356,27.00421142578125,2578500,RPRX
2024-09-11 04:00:00+00:00,26.98496628618423,26.98496628618423,26.585580218117464,26.73474884033203,2600500,RPRX
2024-09-12 04:00:00+00:00,26.802116239899227,27.11007562589326,26.44603705260442,26.513402938842773,2144500,RPRX
2024-09-13 04:00:00+00:00,26.542272101792957,26.763617658363362,26.542272101792957,26.677003860473633,1999700,RPRX
2024-09-16 04:00:00+00:00,26.81173849041929,27.292925459246153,26.81173849041929,27.196687698364258,1563200,RPRX
2024-09-17 04:00:00+00:00,27.19668856321553,27.408410175422333,27.11007475922578,27.177440643310547,1564400,RPRX
2024-09-18 04:00:00+00:00,27.110075102341174,27.38916260216498,27.076392159872487,27.148569107055664,1214000,RPRX
2024-09-19 04:00:00+00:00,27.273675087072444,27.312169086613643,26.92240885169017,26.936843872070312,1782000,RPRX
2024-09-20 04:00:00+00:00,27.11007321546218,27.11007321546218,26.48453053883268,26.5037784576416,5797100,RPRX
2024-09-23 04:00:00+00:00,26.50377947719944,26.78767803043064,26.417165674809954,26.667381286621094,2088900,RPRX
2024-09-24 04:00:00+00:00,26.667381286621094,26.92241163169353,26.61445226123431,26.667381286621094,1493900,RPRX
2024-09-25 04:00:00+00:00,26.677004094041482,26.821361648843304,26.542272334181177,26.609638214111328,1689000,RPRX
2024-09-26 04:00:00+00:00,26.58076919646913,27.158192095609387,26.523025438089004,27.129322052001953,2000000,RPRX
2024-09-27 04:00:00+00:00,27.196688907427145,27.422847380216364,27.12451012466127,27.148569107055664,1609900,RPRX
2024-09-30 04:00:00+00:00,27.187065301169596,27.29292702778186,27.0042137285437,27.225561141967773,1238600,RPRX
2024-10-01 04:00:00+00:00,27.25443001290804,27.470964519113032,27.134133268970004,27.312171936035156,1674600,RPRX
2024-10-02 04:00:00+00:00,27.167816683358055,27.24480652739532,26.994589075378553,27.177440643310547,1391200,RPRX
2024-10-03 04:00:00+00:00,27.06195454300787,27.100448544031774,26.65294453918594,26.705875396728516,1329400,RPRX
2024-10-04 04:00:00+00:00,26.590389722491757,26.879102990292388,26.580767598922673,26.705875396728516,1556600,RPRX
2024-10-07 04:00:00+00:00,26.68662968187085,26.821363285535423,26.49415598969423,26.532649993896484,1443500,RPRX
2024-10-08 04:00:00+00:00,26.561524517105557,26.638514368754674,26.287248055881644,26.330554962158203,1585600,RPRX
2024-10-09 04:00:00+00:00,26.330550966736492,26.696252247682242,26.249710074526362,26.542272567749023,2266500,RPRX
2024-10-10 04:00:00+00:00,26.59039163297073,26.753995279137666,26.2631861762195,26.455659866333008,2831300,RPRX
2024-10-11 04:00:00+00:00,26.465284315427265,27.028272209784845,26.465284315427265,26.96571922302246,2720900,RPRX
2024-10-14 04:00:00+00:00,26.88872933354844,26.994589222437195,26.66257086238952,26.82136344909668,1314800,RPRX
2024-10-15 04:00:00+00:00,26.70587620608628,27.312170966351903,26.67700432775646,26.792490005493164,1817100,RPRX
2024-10-16 04:00:00+00:00,26.75399267737103,27.283299403770236,26.73474659513918,27.15818977355957,2177700,RPRX
2024-10-17 04:00:00+00:00,27.081200741733035,27.138944496890023,26.753993471506877,26.994586944580078,1851800,RPRX
2024-10-18 04:00:00+00:00,27.061956809390033,27.206312537588577,26.763619557452675,26.927223205566406,1177600,RPRX
2024-10-21 04:00:00+00:00,26.898350908595603,26.946468868771113,26.600013681643365,26.705875396728516,1692700,RPRX
2024-10-22 04:00:00+00:00,26.561521195021488,26.652946058800545,26.293981356333646,26.34017562866211,2383200,RPRX
2024-10-23 04:00:00+00:00,26.24394114960509,26.455662782744447,26.166951297955972,26.330554962158203,1448800,RPRX
2024-10-24 04:00:00+00:00,26.215067086831446,26.41716657784294,26.162136224052656,26.253562927246094,1591000,RPRX
2024-10-25 04:00:00+00:00,26.32092907318684,26.349799118201176,25.92635588294063,25.93597984313965,1628300,RPRX
2024-10-28 04:00:00+00:00,26.080334280467625,26.248748986634443,26.003344438279562,26.23431396484375,1985400,RPRX
2024-10-29 04:00:00+00:00,26.109204381540334,26.30167990522563,26.061086418410326,26.12845230102539,1832200,RPRX
2024-10-30 04:00:00+00:00,26.051460737435303,26.340174003887824,25.926352940213636,26.166946411132812,2517600,RPRX
2024-10-31 04:00:00+00:00,26.061084456312127,26.234312047470333,25.945598783679156,25.984094619750977,1900300,RPRX
2024-11-01 04:00:00+00:00,25.98409404988174,26.243935430920345,25.974470091074853,26.080331802368164,1810300,RPRX
2024-11-04 05:00:00+00:00,26.48453217734762,26.55478543332223,26.13807695968315,26.176572799682617,1603000,RPRX
2024-11-05 05:00:00+00:00,26.099581340567028,26.527837438361473,25.939826918501577,26.5037784576416,1820400,RPRX
2024-11-06 05:00:00+00:00,27.071576884010746,27.292924275110472,25.555839099317765,25.63763999938965,4599500,RPRX
2024-11-07 05:00:00+00:00,25.993720685674482,26.012968605270522,25.30562316256855,25.522157669067383,2582900,RPRX
2024-11-08 05:00:00+00:00,25.60877270819231,25.791622446435692,25.09871382776482,25.22382164001465,5979300,RPRX
2024-11-11 05:00:00+00:00,25.305622594449,25.599146937159627,25.137207890721232,25.36817741394043,2784600,RPRX
2024-11-12 05:00:00+00:00,25.262318207667427,25.416297905134204,24.85330998044307,25.021724700927734,3148200,RPRX
2024-11-13 05:00:00+00:00,25.021722745298128,25.21419826987963,24.824436158614276,24.87736701965332,2529000,RPRX
2024-11-14 05:00:00+00:00,24.925482533965262,24.983224451433248,24.410612667218082,24.617523193359375,3030400,RPRX
2024-11-15 05:00:00+00:00,24.481677439965853,25.112398061673346,24.355534055935017,24.9377384185791,3846500,RPRX
2024-11-18 05:00:00+00:00,24.995960232827596,25.170621740207014,24.75337521719547,25.034772872924805,4724500,RPRX
2024-11-19 05:00:00+00:00,24.86981421537467,25.257951708945203,24.71455995825715,25.238544464111328,7299100,RPRX
2024-11-20 05:00:00+00:00,25.31616886432844,25.51023759019878,25.0347693968941,25.442312240600586,2006900,RPRX
2024-11-21 05:00:00+00:00,25.481128775731204,25.874117144380325,25.45201790927608,25.616975784301758,4329500,RPRX
2024-11-22 05:00:00+00:00,25.597567630101832,25.840152622941517,25.549051371844545,25.646085739135742,2461700,RPRX
2024-11-25 05:00:00+00:00,25.67519475465773,26.034221358414456,25.621827610883535,25.684898376464844,6833900,RPRX
2024-11-26 05:00:00+00:00,25.80133989755449,25.83045076287449,25.243393675635797,25.510238647460938,1991700,RPRX
2024-11-27 05:00:00+00:00,25.563606953463342,25.854710067570387,25.44716718844188,25.811044692993164,1811500,RPRX
2024-11-29 05:00:00+00:00,25.81104472008928,25.869264602661133,25.67519585971937,25.869264602661133,1411400,RPRX
2024-12-02 05:00:00+00:00,25.733416484620157,25.81104360829779,25.510238735394037,25.646085739135742,2113600,RPRX
2024-12-03 05:00:00+00:00,25.539346724450933,25.684897344154525,25.369537976592834,25.558753967285156,3191200,RPRX
2024-12-04 05:00:00+00:00,25.461721336141917,25.57331021386568,25.170620076930078,25.32587432861328,2973100,RPRX
2024-12-05 05:00:00+00:00,25.32587356579914,25.75282367045656,25.32587356579914,25.607271194458008,2390500,RPRX
2024-12-06 05:00:00+00:00,25.63638170188357,25.801339568372423,25.102695466595456,25.141508102416992,4327500,RPRX
2024-12-09 05:00:00+00:00,25.044475717326062,25.442314982536796,24.86011244373447,25.238544464111328,2588800,RPRX
2024-12-10 05:00:00+00:00,25.277354861324074,25.277354861324074,24.70000325954327,24.83099937438965,3130300,RPRX
2024-12-11 05:00:00+00:00,24.675747728507638,24.743671235775683,24.277908456700445,24.45256996154785,2851400,RPRX
2024-12-12 05:00:00+00:00,24.36523631664001,24.666041177736055,24.355532695214134,24.462268829345703,2890900,RPRX
2024-12-13 05:00:00+00:00,24.423458827309997,24.423458827309997,23.991657806580516,24.103246688842773,2540700,RPRX
2024-12-16 05:00:00+00:00,24.01591604232788,24.53019693092807,23.96739978053287,24.258501052856445,4385600,RPRX
2024-12-17 05:00:00+00:00,24.31671914140587,24.520491497605438,24.06443052699416,24.374940872192383,3046000,RPRX
2024-12-18 05:00:00+00:00,24.345830432846363,24.520491926709212,23.73451520432638,23.744218826293945,3737500,RPRX
2024-12-19 05:00:00+00:00,23.521040021312142,23.749070500408838,23.33667491372808,23.55985450744629,4359300,RPRX
2024-12-20 05:00:00+00:00,23.61807299576806,24.258497173075124,23.593814868750275,24.180870056152344,7574600,RPRX
2024-12-23 05:00:00+00:00,23.986804409186433,24.51078890357671,23.734515784195935,24.50108528137207,5439300,RPRX
2024-12-24 05:00:00+00:00,24.48167610168457,24.598117708158814,24.273052867718278,24.48167610168457,1350200,RPRX
2024-12-26 05:00:00+00:00,24.44286644024223,24.704856847822057,24.413755572388126,24.646636962890625,1740100,RPRX
2024-12-27 05:00:00+00:00,24.520489927780325,24.918329142135043,24.520489927780325,24.782482147216797,2036100,RPRX
2024-12-30 05:00:00+00:00,24.656338619356738,24.74366936517832,24.43316086926897,24.569007873535156,1914500,RPRX
2024-12-31 05:00:00+00:00,24.54960173339561,24.83100122719826,24.530196339611432,24.753374099731445,2179300,RPRX
2025-01-02 05:00:00+00:00,24.792185065614024,25.122100797786302,24.792185065614024,25.025068283081055,1521300,RPRX
2025-01-03 05:00:00+00:00,25.044472739116234,25.185172471265147,24.957141998525636,25.073583602905273,2082900,RPRX
2025-01-06 05:00:00+00:00,24.966848401063984,25.321022288124155,24.6466362668194,24.986255645751953,2232300,RPRX
2025-01-07 05:00:00+00:00,24.86981144000663,25.287057903488257,24.792184320110735,25.26765251159668,2727300,RPRX
2025-01-08 05:00:00+00:00,25.209430906771157,25.587864737542215,25.000807674010964,25.42290687561035,2225800,RPRX
2025-01-10 05:00:00+00:00,26.732865839131513,28.998610665890993,26.65426890742274,28.615325927734375,8066200,RPRX
2025-01-13 05:00:00+00:00,28.945242040634103,29.8670657782271,28.88702215902321,29.100496292114258,7816900,RPRX
2025-01-14 05:00:00+00:00,29.01316560048471,29.30426871065613,28.789987844896956,29.139310836791992,5887900,RPRX
2025-01-15 05:00:00+00:00,29.333377271094104,29.90587800969595,29.11990314090126,29.828250885009766,4510600,RPRX
2025-01-16 05:00:00+00:00,29.731215756298706,30.16786947822965,29.21887637631391,30.03202247619629,4829600,RPRX
2025-01-17 05:00:00+00:00,29.80884270262287,30.1581656781007,29.61380416469952,29.837953567504883,2887000,RPRX
2025-01-21 05:00:00+00:00,29.876768645568674,29.886470416611523,29.357635057498555,29.40130043029785,2794600,RPRX
2025-01-22 05:00:00+00:00,29.197527870404407,29.31396762249337,28.843354027404366,29.187824249267578,3541300,RPRX
2025-01-23 05:00:00+00:00,29.23634096894454,29.736067286164655,29.149012078877796,29.711809158325195,5348000,RPRX
2025-01-24 05:00:00+00:00,29.702107727396708,30.177574101063804,29.702107727396708,30.13875961303711,5780100,RPRX
2025-01-27 05:00:00+00:00,30.18727819596438,30.817998830065402,30.032023942978796,30.779184341430664,3704100,RPRX
2025-01-28 05:00:00+00:00,30.876217006417843,31.167318251989126,30.663712689979956,30.992658615112305,6875600,RPRX
2025-01-29 05:00:00+00:00,31.05088137414108,31.25465189478604,30.6724493496423,31.002365112304688,5471100,RPRX
2025-01-30 05:00:00+00:00,30.982957599409858,31.109102840336753,30.556007465988934,30.65304183959961,3890100,RPRX
2025-01-31 05:00:00+00:00,30.701555220801133,30.738428242298472,30.294012370490652,30.643335342407227,4071800,RPRX
2025-02-03 05:00:00+00:00,30.14846250019739,30.72096322920029,30.14846250019739,30.4007511138916,3080000,RPRX
2025-02-04 05:00:00+00:00,30.109648873338298,30.662742340605075,30.109648873338298,30.332826614379883,3623600,RPRX
2025-02-05 05:00:00+00:00,30.410456752152005,30.696707135634462,30.255202495087968,30.517194747924805,3154900,RPRX
2025-02-06 05:00:00+00:00,30.682151597785197,30.687002483440843,30.303717739461266,30.46867561340332,3373600,RPRX
2025-02-07 05:00:00+00:00,30.54630202969231,30.80829426765085,30.43083207584842,30.78888702392578,3393400,RPRX
2025-02-10 05:00:00+00:00,30.788887963589346,30.847109696541455,30.41530683897507,30.779184341430664,3343200,RPRX
2025-02-11 05:00:00+00:00,30.662742168733615,31.752433125770292,30.371639079167263,31.2934627532959,7664900,RPRX
2025-02-12 05:00:00+00:00,31.312871023917744,31.594270501324353,30.788886555964716,31.380794525146484,3662200,RPRX
2025-02-13 05:00:00+00:00,31.429310843123627,31.662194063177502,31.177024081155704,31.497234344482422,3979800,RPRX
2025-02-14 05:00:00+00:00,31.49723622641467,31.914482732007787,31.327427462871757,31.400203704833984,4822400,RPRX
2025-02-18 05:00:00+00:00,31.08969081908107,31.895070999220124,31.05087633528926,31.87566375732422,3999700,RPRX
2025-02-19 05:00:00+00:00,31.86596373836294,31.93873997408381,31.3419792830364,31.62337875366211,8125600,RPRX
2025-02-20 05:00:00+00:00,31.322574501702015,32.6907537748772,31.322574501702015,32.341434478759766,8300900,RPRX
2025-02-21 05:00:00+00:00,32.51725402216772,32.888430557983156,32.29259336328523,32.64423370361328,4620600,RPRX
2025-02-24 05:00:00+00:00,32.693077269508805,33.406131663611305,32.400038052463906,33.01541519165039,8575200,RPRX
2025-02-25 05:00:00+00:00,32.986111395387326,33.3231042453546,32.72237834664967,32.90796661376953,5293000,RPRX
2025-02-26 05:00:00+00:00,32.7516832764096,33.08379117133637,32.51725636596044,32.605167388916016,3600300,RPRX
2025-02-27 05:00:00+00:00,32.2925924286021,32.83959098182327,32.15583906414862,32.595394134521484,4059600,RPRX
2025-02-28 05:00:00+00:00,32.780985991452276,32.947038058398974,32.6051639640098,32.859127044677734,4462100,RPRX
2025-03-03 05:00:00+00:00,32.97634321813414,33.30845110567526,32.91187712334626,33.07402420043945,2796800,RPRX
2025-03-04 05:00:00+00:00,33.06425454968788,33.26938275138146,32.51725594823438,32.54655838012695,3020600,RPRX
2025-03-05 05:00:00+00:00,32.34143115734182,33.00564688224091,32.292592532953286,32.98611068725586,5877800,RPRX
2025-03-06 05:00:00+00:00,32.966575719909514,33.00564811133464,32.33654738123566,32.507484436035156,2370800,RPRX
2025-03-07 05:00:00+00:00,32.50748842584253,32.93727733197237,32.136311840192505,32.24375534057617,5408000,RPRX
2025-03-10 04:00:00+00:00,32.17537824251313,32.41957511245793,31.774895524849605,31.989789962768555,5288400,RPRX
2025-03-11 04:00:00+00:00,32.00932360923751,32.00932360923751,31.452555088214424,31.706518173217773,4365200,RPRX
2025-03-12 04:00:00+00:00,31.560001034844017,32.15095694222576,31.257195610949633,32.08746337890625,3446900,RPRX
2025-03-13 04:00:00+00:00,32.08746549571741,32.36096850913692,31.843268638897193,31.92141342163086,3095700,RPRX
2025-03-14 04:00:00+00:00,31.81396868889705,32.19003396436406,31.51116322141764,32.00932693481445,2538700,RPRX
2025-03-17 04:00:00+00:00,32.058162736891404,32.49283283948716,31.970251720290676,32.25352096557617,2286200,RPRX
2025-03-18 04:00:00+00:00,32.29259396656796,32.820056349988114,32.233985379010896,32.63446807861328,2714400,RPRX
2025-03-19 04:00:00+00:00,32.55632702135222,32.7223790968747,32.38050498482938,32.63446807861328,2461100,RPRX
2025-03-20 04:00:00+00:00,32.65888793775143,32.73214401155771,32.38050367884293,32.72237777709961,2653600,RPRX
2025-03-21 04:00:00+00:00,32.527019603859294,33.05448569298496,32.478180979195415,32.9177360534668,7065400,RPRX
2025-03-24 04:00:00+00:00,32.82005222047834,33.20100240244452,32.82005222047834,32.96657180786133,2345100,RPRX
2025-03-25 04:00:00+00:00,33.06425608817261,33.347525363476464,32.72238194635672,32.97634506225586,5124100,RPRX
2025-03-26 04:00:00+00:00,32.71261158265402,33.21077151588711,30.65158771461614,30.827409744262695,10884400,RPRX
2025-03-27 04:00:00+00:00,31.130215774028986,31.501394172432153,30.514838658501816,30.915321350097656,7555000,RPRX
2025-03-28 04:00:00+00:00,31.003233124448037,31.056956731744094,30.28041064236059,30.641822814941406,4077100,RPRX
2025-03-31 04:00:00+00:00,30.172963737376186,30.58321454094076,29.92876687485142,30.407392501831055,7631900,RPRX
2025-04-01 04:00:00+00:00,30.52460745914667,30.773687436260662,30.265759384076844,30.44646453857422,4704400,RPRX
2025-04-02 04:00:00+00:00,30.33901489011833,30.63205221606107,30.10458614720856,30.553909301757812,4635200,RPRX
2025-04-03 04:00:00+00:00,30.329250068168378,31.110681158660856,30.270643341880568,31.052074432373047,5750100,RPRX
2025-04-04 04:00:00+00:00,30.573445706770872,30.9641621678628,29.74317788463594,30.38785743713379,7265500,RPRX
2025-04-07 04:00:00+00:00,29.10826345875475,30.417158709590577,28.971513820423095,30.30971336364746,5739600,RPRX
2025-04-08 04:00:00+00:00,30.309716010210145,30.866484572689227,29.816437292172186,30.133893966674805,6164500,RPRX
2025-04-09 04:00:00+00:00,29.450141044251417,31.560003635905918,29.34269569237387,31.520931243896484,7300500,RPRX
2025-04-10 04:00:00+00:00,31.227893335219342,31.227893335219342,29.606426357276312,30.48553466796875,6600600,RPRX
2025-04-11 04:00:00+00:00,30.710198834573657,31.262084281386986,30.2413394291271,31.20836067199707,5897300,RPRX
2025-04-14 04:00:00+00:00,31.47209148810394,31.5697687384756,31.03253640913495,31.54046630859375,3059100,RPRX
2025-04-15 04:00:00+00:00,31.58930343486972,31.750474243868847,31.30114922549418,31.69675064086914,2993200,RPRX
2025-04-16 04:00:00+00:00,31.80419928616958,31.85303791124822,31.276733192564507,31.442785263061523,3057700,RPRX
2025-04-17 04:00:00+00:00,31.34510563362132,31.906759094763373,31.34510563362132,31.843265533447266,2537300,RPRX
2025-04-21 04:00:00+00:00,31.901876536326856,31.940948926849064,31.276733192564507,31.442785263061523,2068400,RPRX
2025-04-22 04:00:00+00:00,31.81396552072601,31.970251356666598,31.227892704411747,31.442785263061523,2555900,RPRX
2025-04-23 04:00:00+00:00,31.657679647750722,31.726054468010478,30.93485719160257,30.95439338684082,4185600,RPRX
2025-04-24 04:00:00+00:00,31.12044695508302,31.38417999848266,30.84694581417886,31.2864990234375,2968500,RPRX
2025-04-25 04:00:00+00:00,31.247428382063333,31.550231951298052,31.100910646180346,31.45255470275879,3442500,RPRX
2025-04-28 04:00:00+00:00,31.6186064544693,31.911641923306313,31.481856817421903,31.7846622467041,3256600,RPRX
2025-04-29 04:00:00+00:00,31.73582531733536,32.14607425038122,31.58442073153652,31.950716018676758,2612900,RPRX
2025-04-30 04:00:00+00:00,32.15583994033194,32.23398472214893,31.63325882191273,32.058162689208984,4545700,RPRX
2025-05-01 04:00:00+00:00,31.901875262094002,31.93117769074113,31.335340526743643,31.72605323791504,2607800,RPRX
2025-05-02 04:00:00+00:00,32.05816630895925,32.204685928335785,31.696755967618824,32.12654113769531,3138200,RPRX
2025-05-05 04:00:00+00:00,32.185143464613994,32.27305447389495,31.784660805922503,32.23398208618164,3916200,RPRX
2025-05-06 04:00:00+00:00,32.0972355774916,32.27305761315606,31.227893497047788,31.36464500427246,4687100,RPRX
2025-05-07 04:00:00+00:00,31.50139622287896,32.0630497689817,31.462323829412146,31.989789962768555,6085900,RPRX
2025-05-08 04:00:00+00:00,31.8628037227684,33.31821857813731,31.613725620329838,32.331661224365234,9014100,RPRX
2025-05-09 04:00:00+00:00,32.44887942976797,32.9372731419504,32.26328743440372,32.3805046081543,4354600,RPRX
2025-05-12 04:00:00+00:00,31.892107119945994,32.82005208230526,31.79442615338595,32.57585525512695,5527600,RPRX
2025-05-13 04:00:00+00:00,32.321895738618906,32.321895738618906,31.78954465939843,32.058162689208984,4360300,RPRX
2025-05-14 04:00:00+00:00,32.10700106781625,32.34143168531579,31.433019097495972,31.54046630859375,3576000,RPRX
2025-05-15 04:00:00+00:00,31.74559291304782,32.36097006514541,31.48185984786314,32.351200103759766,3331000,RPRX
2025-05-16 04:00:00+00:00,32.52819979787362,33.62951621302423,32.508532964434245,33.452518463134766,4933400,RPRX
2025-05-19 04:00:00+00:00,33.521349508148774,33.74259481340117,33.236186058352274,33.678680419921875,25608100,RPRX
2025-05-20 04:00:00+00:00,33.11818712802434,33.23618436808707,32.026702342016335,32.538028717041016,7445400,RPRX
2025-05-21 04:00:00+00:00,32.59702951677875,32.769109608281106,32.26270087426075,32.28236770629883,4182300,RPRX
2025-05-22 04:00:00+00:00,32.28237019670791,32.38070061341929,31.66287806844433,31.77104377746582,3358400,RPRX
2025-05-23 04:00:00+00:00,31.623541325472882,32.05620036841136,31.61370978518399,31.90870475769043,2514300,RPRX
2025-05-27 04:00:00+00:00,32.09553389331802,32.262700086025184,31.67270639249143,32.14469909667969,2681600,RPRX
2025-05-28 04:00:00+00:00,32.12503471852103,32.27253409093518,32.02670430428816,32.0857048034668,2935300,RPRX
2025-05-29 04:00:00+00:00,32.04637007283704,32.2233678134286,31.879203872916243,32.09553527832031,2377100,RPRX
2025-05-30 04:00:00+00:00,32.09553330138427,32.557694456802444,31.751373133135317,32.3315315246582,22183600,RPRX
2025-06-02 04:00:00+00:00,32.44953502783433,32.71503167364444,32.105374793116724,32.705196380615234,4168600,RPRX
2025-06-03 04:00:00+00:00,32.577364520464805,32.98052522230172,32.30203260748151,32.73469543457031,3408500,RPRX
2025-06-04 04:00:00+00:00,32.78386029073238,33.152604968379606,32.695361418054446,32.8821907043457,2529400,RPRX
2025-06-05 04:00:00+00:00,33.13785414376762,33.20668618010823,32.833023874927314,33.18701934814453,2653000,RPRX
2025-06-06 04:00:00+00:00,33.147690171139054,33.403355270209666,33.04935974907507,33.216522216796875,2743300,RPRX
2025-06-09 04:00:00+00:00,33.20668536732403,33.29518423346219,32.813356239806744,32.83302307128906,2830400,RPRX
2025-06-10 04:00:00+00:00,32.84286156443291,33.462349936729765,32.84286156443291,33.019859313964844,6775100,RPRX
2025-06-11 04:00:00+00:00,33.029687828839016,33.609846232245395,33.029687828839016,33.48201370239258,7090800,RPRX
2025-06-12 04:00:00+00:00,33.570515623432954,34.77999774375133,33.570515623432954,34.68166732788086,8949100,RPRX
2025-06-13 04:00:00+00:00,34.50466843616722,34.789831884241984,34.14084140821327,34.25883865356445,3525000,RPRX
2025-06-16 04:00:00+00:00,34.33750192235104,34.56366862123357,34.00809091690329,34.51449966430664,3619000,RPRX
2025-06-17 04:00:00+00:00,34.41617197572943,34.55383606346194,33.86059797850465,33.98351287841797,5923200,RPRX
2025-06-18 04:00:00+00:00,34.02284454785457,34.40634220623,33.845846782778295,34.327674865722656,3957600,RPRX
2025-06-20 04:00:00+00:00,34.278507232666016,34.30800560774045,33.81634601748664,34.278507232666016,5346900,RPRX
2025-06-23 04:00:00+00:00,34.27850461605501,34.863580684136714,34.26866932440431,34.80949783325195,3357000,RPRX
2025-06-24 04:00:00+00:00,34.907827718811,35.71414907307582,34.82916039104631,35.53715133666992,8046300,RPRX
2025-06-25 04:00:00+00:00,35.27165571490443,35.438821915530156,35.05532805965287,35.31098937988281,2525400,RPRX
2025-06-26 04:00:00+00:00,35.478157200265365,35.53715394936168,34.42600224491377,34.68166732788086,3658800,RPRX
2025-06-27 04:00:00+00:00,35.14383105150164,35.331643134540535,34.7013366462672,35.27165985107422,3741100,RPRX
2025-06-30 04:00:00+00:00,35.271658489176865,35.615822458210545,35.00616185628747,35.42898941040039,3662300,RPRX
2025-07-01 04:00:00+00:00,35.419154399631076,35.72398467073469,35.02582525956608,35.281490325927734,4697500,RPRX
2025-07-02 04:00:00+00:00,35.21757051038907,35.64039800299502,35.173322953543206,35.5863151550293,3858600,RPRX
2025-07-03 04:00:00+00:00,35.53223650338571,35.82231760864785,35.35917362009553,35.7633171081543,1196700,RPRX
2025-07-07 04:00:00+00:00,35.71415282265555,35.812483241620335,34.94716505174807,34.99633026123047,3328100,RPRX
2025-07-08 04:00:00+00:00,34.996330911704796,35.31099275951877,34.6325038534946,34.91766357421875,8149700,RPRX
2025-07-09 04:00:00+00:00,35.055332170454754,35.301161978799975,34.87341676189582,35.27165985107422,3208300,RPRX
2025-07-10 04:00:00+00:00,35.39948932481441,35.9501493980282,35.32082199247035,35.517486572265625,2335800,RPRX
2025-07-11 04:00:00+00:00,35.47815521882146,35.47815521882146,34.917659876255534,35.242156982421875,1690400,RPRX
2025-07-14 04:00:00+00:00,35.33065632482766,35.72398547373386,35.2126590805817,35.6354866027832,1987900,RPRX
2025-07-15 04:00:00+00:00,35.851812884416475,36.07797582349537,35.56664944994388,35.900978088378906,2817200,RPRX
2025-07-16 04:00:00+00:00,35.9009771130253,36.27463940490451,35.00615692138672,35.00615692138672,3752200,RPRX
2025-07-17 04:00:00+00:00,34.8193335416378,35.19299589673239,34.65217107421387,34.878334045410156,2302300,RPRX
2025-07-18 04:00:00+00:00,34.98649871976001,35.055330763248364,34.72100208727702,34.99633026123047,2020700,RPRX
2025-07-21 04:00:00+00:00,35.18807480078366,35.3208212324267,34.917660540500904,35.055328369140625,2338800,RPRX
2025-07-22 04:00:00+00:00,35.05533116636632,35.53715547632557,34.9520793488814,35.49782180786133,3397300,RPRX
2025-07-23 04:00:00+00:00,35.53715719916969,35.61582453991199,35.232330631456456,35.409324645996094,2164500,RPRX
2025-07-24 04:00:00+00:00,35.507652073833015,36.04847680992624,35.39948637640146,35.979644775390625,1973600,RPRX
2025-07-25 04:00:00+00:00,36.03865219293882,36.09764894755174,35.68465666100017,36.05831527709961,1927100,RPRX
2025-07-28 04:00:00+00:00,36.07797602947153,36.58930240594228,35.80264788485829,36.44180679321289,2645700,RPRX
2025-07-29 04:00:00+00:00,36.382807373552815,36.93838132495484,36.14680913471533,36.6483039855957,1982100,RPRX
2025-07-30 04:00:00+00:00,36.48114188112023,36.87447107299155,36.2254805321495,36.50080871582031,2836600,RPRX
2025-07-31 04:00:00+00:00,36.47130540575222,36.92363128947153,36.097643099127076,36.18614196777344,2159200,RPRX
2025-08-01 04:00:00+00:00,36.048480056499976,36.59422248737162,35.764299380420276,36.49097442626953,1878500,RPRX
2025-08-04 04:00:00+00:00,36.5991403033532,37.27762917277313,36.5991403033532,37.248130798339844,2944200,RPRX
2025-08-05 04:00:00+00:00,37.17929943501493,37.366128728272905,36.94330118205199,37.27762985229492,3282300,RPRX
2025-08-06 04:00:00+00:00,36.323810954584744,37.1399677148449,36.077981147431466,36.50080871582031,4173000,RPRX
2025-08-07 04:00:00+00:00,36.510640155904646,36.63846894136825,35.664985108365,36.39263916015625,4329800,RPRX
2025-08-08 04:00:00+00:00,36.52047360585898,37.33171267648054,36.31397747910148,36.9531364440918,2814800,RPRX
2025-08-11 04:00:00+00:00,37.03179536235961,37.28745666550845,35.458486378987125,35.5863151550293,3530000,RPRX
2025-08-12 04:00:00+00:00,35.59615422486386,35.920647596040354,35.20282506173458,35.26182556152344,3426500,RPRX
2025-08-13 04:00:00+00:00,35.4191552069382,36.16647608881773,35.28149113009708,35.85181427001953,5233000,RPRX
2025-08-14 04:00:00+00:00,35.66498845839181,36.23531165382066,35.25199243660908,35.891151428222656,2894300,RPRX
2025-08-15 04:00:00+00:00,35.990076836392284,36.20771628975935,35.68339808662421,35.96039581298828,2936700,RPRX
2025-08-18 04:00:00+00:00,36.10878896949219,36.237396671804014,35.49543525462267,35.535003662109375,2387800,RPRX
2025-08-19 04:00:00+00:00,35.5745788163719,35.831794242491014,35.406402692518895,35.61415100097656,2403400,RPRX
2025-08-20 04:00:00+00:00,35.604258016400514,36.49460948149237,35.604258016400514,36.484718322753906,3780400,RPRX
2025-08-21 04:00:00+00:00,36.34622132294506,36.504506287561334,35.77243596757904,35.92082977294922,2529900,RPRX
2025-08-22 04:00:00+00:00,35.99997071979143,36.128578434113656,35.584474098796754,35.930721282958984,2671500,RPRX
2025-08-25 04:00:00+00:00,35.93072057621102,36.59354145346999,35.47565177917424,35.6042594909668,3402100,RPRX
2025-08-26 04:00:00+00:00,35.683399692857584,35.82189856227394,35.40640195402488,35.594364166259766,3396100,RPRX
2025-08-27 04:00:00+00:00,35.554791141898505,35.802111623955206,35.099722360628846,35.67350769042969,3125300,RPRX
2025-08-28 04:00:00+00:00,35.61415224883479,35.61415224883479,35.12445871208049,35.238224029541016,1761600,RPRX
2025-08-29 04:00:00+00:00,35.248116992718884,35.61415025814941,35.13929537423142,35.594364166259766,2994000,RPRX
2025-09-02 04:00:00+00:00,35.703185152283424,36.17804002778959,35.472680770972936,35.782325744628906,4472700,RPRX
2025-09-03 04:00:00+00:00,36.034596523088055,36.34622277202735,35.72297404796014,36.2670783996582,5815500,RPRX
2025-09-04 04:00:00+00:00,36.35611135669444,36.56385965873231,35.99996925388031,36.5045051574707,3532500,RPRX
2025-09-05 04:00:00+00:00,36.50450502037851,36.876474485623994,35.465755966467924,35.68339920043945,9231500,RPRX
2025-09-08 04:00:00+00:00,35.08983300717111,35.59436515604773,33.715720398547944,35.41629409790039,8546300,RPRX
2025-09-09 04:00:00+00:00,35.38661597714933,36.17804078625161,35.38661597714933,36.10879135131836,4204800,RPRX
2025-09-10 04:00:00+00:00,36.04943271453986,36.36600263501136,35.752648885824215,35.79222106933594,4032800,RPRX
2025-09-11 04:00:00+00:00,35.80211234746867,36.54407380863282,35.5844728850521,36.30664825439453,3664400,RPRX
2025-09-12 04:00:00+00:00,36.187934367247045,36.42535991420254,35.693293408310225,35.97029113769531,3652500,RPRX
2025-09-15 04:00:00+00:00,35.79222122398284,35.915881467632914,34.461635794688455,34.77326202392578,4693500,RPRX
2025-09-16 04:00:00+00:00,34.72379340363793,35.26790147118356,34.67433006308223,35.04036331176758,4000400,RPRX
2025-09-17 04:00:00+00:00,35.19865635783373,35.455868024564815,35.079939797362655,35.25801086425781,9027300,RPRX
2025-09-18 04:00:00+00:00,35.1986558606618,35.426190270966984,34.93649295701643,35.3470458984375,9157700,RPRX
2025-09-19 04:00:00+00:00,35.63393453291269,36.25223572114241,35.39650521615565,35.85157775878906,13871700,RPRX
2025-09-22 04:00:00+00:00,35.98018291364761,35.98018291364761,35.00573960401546,35.475650787353516,10647200,RPRX
2025-09-23 04:00:00+00:00,35.50532682909384,36.306646527611505,35.46081095497056,35.85157775878906,9587200,RPRX
2025-09-24 04:00:00+00:00,36.04448915468695,36.04448915468695,35.04036480688796,35.38661575317383,4242100,RPRX
2025-09-25 04:00:00+00:00,35.60425736716532,35.610189798013586,34.39733223728518,34.52593994140625,3603300,RPRX
2025-09-26 04:00:00+00:00,34.842511206502586,34.842511206502586,34.258834709742615,34.6644401550293,4834300,RPRX
2025-09-29 04:00:00+00:00,34.91176075163769,34.91176075163769,34.41810851755671,34.872188568115234,3300400,RPRX
2025-09-30 04:00:00+00:00,35.15908233998902,35.15908233998902,34.585296982361555,34.9018669128418,4007300,RPRX
2025-10-01 04:00:00+00:00,35.27779532581644,36.06427646385818,35.14918761149421,35.930721282958984,3610600,RPRX
2025-10-02 04:00:00+00:00,35.81200717148208,36.207717685280706,35.762543828983645,36.098899841308594,2831800,RPRX
2025-10-03 04:00:00+00:00,36.207717419940565,36.276966853693125,35.61909723304382,35.68339920043945,2207300,RPRX
2025-10-06 04:00:00+00:00,35.6141481869947,35.8317914113125,34.97606091245373,35.74275588989258,2399400,RPRX
2025-10-07 04:00:00+00:00,35.83179027112498,36.08900189492518,35.525111535145946,35.71307373046875,2065900,RPRX
2025-10-08 04:00:00+00:00,35.78232787033565,35.80211396305022,35.287686873905386,35.63393783569336,1938200,RPRX
2025-10-09 04:00:00+00:00,35.89115009210073,35.950508371234655,35.59436624405385,35.75265121459961,1773400,RPRX
2025-10-10 04:00:00+00:00,35.93071743643824,35.97028961719508,35.55973673291735,35.62403869628906,2039700,RPRX
2025-10-13 04:00:00+00:00,35.41629609758491,35.589419698944425,34.85240563955023,35.06015396118164,1765900,RPRX
2025-10-14 04:00:00+00:00,35.12940117409744,35.74275871403613,35.11753253776503,35.61415100097656,2474900,RPRX
2025-10-15 04:00:00+00:00,35.61415001734432,35.88125659533174,35.40640171462449,35.79222106933594,2287500,RPRX
2025-10-16 04:00:00+00:00,35.75265096243622,36.05932974174811,35.48554436893452,35.95050811767578,2365800,RPRX
2025-10-17 04:00:00+00:00,35.94061495936488,36.73203976249829,35.74770150772157,36.61332321166992,2373600,RPRX
2025-10-20 04:00:00+00:00,36.524288961596106,36.524288961596106,35.722972971468295,36.23740005493164,2172300,RPRX
2025-10-21 04:00:00+00:00,36.108793121575566,37.11786121783038,36.108793121575566,37.07828903198242,2331500,RPRX
2025-10-22 04:00:00+00:00,37.157432704635205,37.28603664550461,36.415471216095604,36.44514846801758,1896300,RPRX
2025-10-23 04:00:00+00:00,36.52428559377527,36.76171490802372,36.29675121176809,36.45503616333008,2007000,RPRX
2025-10-24 04:00:00+00:00,36.45503605644067,36.99419664768126,36.45503605644067,36.86064147949219,1746600,RPRX
2025-10-27 04:00:00+00:00,36.86064147949219,36.99914411378739,36.65289318876576,36.86064147949219,2501300,RPRX
2025-10-28 04:00:00+00:00,36.702359516737,36.76666525991976,35.53006279946621,36.01975631713867,2811300,RPRX
2025-10-29 04:00:00+00:00,36.01975445695658,36.5836448478973,35.84168340994256,36.2769660949707,2272100,RPRX
2025-10-30 04:00:00+00:00,36.27696463771846,36.811177757301074,36.063280144647585,36.544071197509766,1823800,RPRX
2025-10-31 04:00:00+00:00,36.435256434844376,37.21184262327235,36.27696769822657,37.13764572143555,3772400,RPRX
2025-11-03 05:00:00+00:00,37.11786221783909,37.310771911780954,36.73204282995535,36.90021896362305,3704800,RPRX
2025-11-04 05:00:00+00:00,36.662790454707526,37.67680218997666,36.36105915781285,37.43442916870117,4748700,RPRX
2025-11-05 05:00:00+00:00,36.20771771288883,40.560559784670616,35.64086109004071,39.98677444458008,9460200,RPRX
2025-11-06 05:00:00+00:00,40.24398790105146,40.797987122345184,39.59106199951037,40.34291458129883,5779700,RPRX
2025-11-07 05:00:00+00:00,38.21101522485592,39.67020458799586,37.978533363367404,38.14671325683594,9329500,RPRX
2025-11-10 05:00:00+00:00,38.30499747111673,38.976716971950154,38.09724539807883,38.12692642211914,5953600,RPRX
2025-11-11 05:00:00+00:00,37.97853660662418,38.85405331832365,37.97853660662418,38.54242706298828,3521700,RPRX
2025-11-12 05:00:00+00:00,38.611673055199105,39.57127774821283,38.50285143758175,39.165672302246094,4083600,RPRX
2025-11-13 05:00:00+00:00,39.07663811388614,39.581170261968225,38.957925333245285,39.30417251586914,5134300,RPRX
2025-11-14 05:00:00+00:00,39.214641338199044,39.43847148701008,38.61776853101913,38.955997467041016,2573200,RPRX
2025-11-17 05:00:00+00:00,38.88636243269752,39.28925138780272,38.76201361496631,38.955997467041016,2590200,RPRX
2025-11-18 05:00:00+00:00,38.83662248485324,39.304171444839305,38.781908703127534,39.254432678222656,2421500,RPRX
2025-11-19 05:00:00+00:00,39.324067078703045,39.48323340621407,37.57323747608175,38.44865417480469,3803700,RPRX
2025-11-20 05:00:00+00:00,38.50833890891891,38.64760897017258,37.881623633277414,38.190006256103516,2802000,RPRX
2025-11-21 05:00:00+00:00,38.36906804869606,38.92615207693497,38.110424196728566,38.71724319458008,3164600,RPRX
2025-11-24 05:00:00+00:00,38.63766375672125,39.622508036353445,37.115635483023425,39.54292297363281,8177000,RPRX
2025-11-25 05:00:00+00:00,39.47328877515433,39.79162144311326,39.06542480715541,39.33401870727539,7167500,RPRX
2025-11-26 05:00:00+00:00,39.513080120264966,39.6622964192989,39.03060611759021,39.63245391845703,2524100,RPRX
2025-11-28 05:00:00+00:00,39.78167330779211,39.86125457356925,39.44344438988401,39.81151580810547,1621000,RPRX
2025-12-01 05:00:00+00:00,39.92094384630078,40.28901526892276,39.393702300572414,39.692142486572266,3905200,RPRX
2025-12-02 05:00:00+00:00,39.8314114281671,40.000523986970016,39.28924864736616,39.324066162109375,4751700,RPRX
2025-12-03 05:00:00+00:00,39.244487158123704,39.85130998845122,39.12511335710304,39.39370346069336,3109700,RPRX
2025-12-04 05:00:00+00:00,39.294223885986646,39.433493945752396,38.77693238198206,38.946048736572266,4401600,RPRX
2025-12-05 05:00:00+00:00,38.94604900471832,39.672245603371444,38.766986413836776,39.52302551269531,10237200,RPRX
2025-12-08 05:00:00+00:00,39.57276591213832,39.57276591213832,38.39891278780702,38.46854782104492,4338300,RPRX
2025-12-09 05:00:00+00:00,38.58792516763557,38.906257830334745,37.87167477915009,37.891571044921875,5258100,RPRX
2025-12-10 05:00:00+00:00,38.05073796847321,38.23974680400977,37.677691517801904,38.06068420410156,3360500,RPRX
2025-12-11 05:00:00+00:00,38.10047335058445,38.607818603515625,37.737376962631664,38.607818603515625,4090200,RPRX
2025-12-12 05:00:00+00:00,38.717244000799404,38.7271940307887,37.77716729251261,38.190006256103516,6350000,RPRX
2025-12-15 05:00:00+00:00,38.190006974700005,38.37901959980755,37.804027772063094,38.32927703857422,6695400,RPRX
2025-12-16 05:00:00+00:00,38.31933140639847,38.46357648763148,37.632927311574726,38.18006134033203,7734900,RPRX
2025-12-17 05:00:00+00:00,38.18005907064167,38.69237555242668,38.10047401200641,38.11042404174805,2269400,RPRX
2025-12-18 05:00:00+00:00,38.11042357162539,38.488441211006354,38.08057727759311,38.22979736328125,5357700,RPRX
2025-12-19 05:00:00+00:00,38.14026667066812,38.60781940467474,38.00099661240857,38.39891052246094,5269300,RPRX
2025-12-22 05:00:00+00:00,38.30937949823816,38.677454706028435,38.23974446861827,38.65755844116211,2224900,RPRX
2025-12-23 05:00:00+00:00,38.63766138885119,39.29322869276168,38.428756304249056,39.18479537963867,2264400,RPRX
2025-12-24 05:00:00+00:00,39.18479847928337,39.294226045061826,39.03558217626025,39.045528411865234,1090600,RPRX
2025-12-26 05:00:00+00:00,39.20469487085398,39.224591136952384,38.946051001224205,39.01568603515625,1358700,RPRX
2025-12-29 05:00:00+00:00,39.01568531798964,39.135059117561056,38.816726455487505,38.87641525268555,1663900,RPRX
2025-12-30 05:00:00+00:00,38.82667304486471,39.254433274954906,38.727195510119195,38.78688430786133,2836900,RPRX
2025-12-31 05:00:00+00:00,38.72719560858604,39.02065699320875,38.39891291240667,38.43870544433594,2332000,RPRX
2026-01-02 05:00:00+00:00,38.49341710213329,38.677454706028435,38.09052817435758,38.65755844116211,3202800,RPRX
2026-01-05 05:00:00+00:00,38.53818413058242,39.657323399257365,38.31037702392747,39.443443298339844,5115800,RPRX
2026-01-06 05:00:00+00:00,39.473288215904056,40.746618869699454,39.473288215904056,40.438236236572266,5400200,RPRX
2026-01-07 05:00:00+00:00,40.42828457993165,41.18929869146382,40.42828457993165,41.17437744140625,4005600,RPRX
2026-01-08 05:00:00+00:00,41.17437673917258,41.482763149459345,39.771722335315744,40.050262451171875,3057500,RPRX
2026-01-09 05:00:00+00:00,40.338752948898225,40.76651315616806,39.92591399156172,39.960731506347656,2398000,RPRX
2026-01-12 05:00:00+00:00,40.219378803530574,40.219378803530574,39.78167236506744,40.050262451171875,2328100,RPRX
2026-01-13 05:00:00+00:00,40.05026461239915,40.284040991461275,39.657325696965614,40.14974594116211,4907400,RPRX
2026-01-14 05:00:00+00:00,40.239277825907614,40.368601657771336,39.71203626284387,40.000526428222656,5151500,RPRX
2026-01-15 05:00:00+00:00,40.0801108887072,40.12487464051,39.353914265806125,39.51308059692383,4300600,RPRX
2026-01-16 05:00:00+00:00,39.51307998181565,39.57276498329024,39.14699704646134,39.343963623046875,1988000,RPRX
2026-01-20 05:00:00+00:00,39.045526494092194,39.4683116907958,38.65755881253302,38.88636016845703,3688500,RPRX
2026-01-21 05:00:00+00:00,38.99081405694324,39.65235066229874,38.816726475224606,39.51308059692383,5322000,RPRX
2026-01-22 05:00:00+00:00,39.5628178379964,39.90602176787968,39.413597748092926,39.90104675292969,4989500,RPRX
2026-01-23 05:00:00+00:00,39.881150632340955,40.358649609006484,39.751826806944706,40.189537048339844,3534000,RPRX
2026-01-26 05:00:00+00:00,40.19948554841837,40.41834068144694,39.97068417971794,40.25917434692383,5130400,RPRX
2026-01-27 05:00:00+00:00,40.28901578848263,40.686933511730835,40.28404077336525,40.527767181396484,2756100,RPRX
2026-01-28 05:00:00+00:00,40.32880578526319,40.582474617937784,39.95078435141704,40.19948196411133,3233100,RPRX
2026-01-29 05:00:00+00:00,40.28901531517839,40.69687926904523,40.16466650247722,40.64714050292969,3071100,RPRX
2026-01-30 05:00:00+00:00,41.055003789578095,41.50266026699199,40.647139842339776,41.462867736816406,3466600,RPRX
2026-02-02 05:00:00+00:00,41.30370005607847,42.15424543785267,41.244011262773036,42.13932418823242,3864100,RPRX
2026-02-03 05:00:00+00:00,42.09953184071951,42.84562468354155,42.059739311677795,42.74614715576172,3392700,RPRX
2026-02-04 05:00:00+00:00,43.203752170979826,43.52705984583016,42.795888213501996,43.452449798583984,5154000,RPRX
2026-02-05 05:00:00+00:00,43.3430205950737,44.12393096440645,43.2037505360576,43.87025833129883,6011600,RPRX
2026-02-06 05:00:00+00:00,44.07916762969011,44.69096165110351,43.72104244894836,44.417396545410156,3535200,RPRX
2026-02-09 05:00:00+00:00,44.407448875800156,44.66609654000534,43.75088727448469,43.82052230834961,3390700,RPRX
2026-02-10 05:00:00+00:00,43.85036670538453,44.02942550269167,43.40271022505526,43.97968673706055,3148800,RPRX
2026-02-11 05:00:00+00:00,42.716300975820076,45.00432206912027,42.278594539663885,44.01947784423828,5205100,RPRX
2026-02-12 05:00:00+00:00,44.009532009807295,45.034164978336136,43.82051939204602,44.566612243652344,5714300,RPRX
2026-02-13 05:00:00+00:00,44.566614518885416,45.66585758765879,44.477083220328886,44.95458221435547,5414000,RPRX
2026-02-17 05:00:00+00:00,45.14359271134602,45.899631800836204,44.9545800928551,45.17343521118164,3346900,RPRX
2026-02-18 05:00:00+00:00,44.914792897151564,45.153540493666895,44.6760415058116,45.10380172729492,2025000,RPRX
2026-02-19 05:00:00+00:00,45.02421629789851,45.034166327986505,44.447239782006676,44.875,2593500,RPRX
2026-02-20 05:00:00+00:00,44.880001068115234,45.290000915527344,44.67499923706055,45.119998931884766,3465200,RPRX
2026-02-23 05:00:00+00:00,45.0,45.68000030517578,44.970001220703125,45.470001220703125,2179800,RPRX
2026-02-24 05:00:00+00:00,45.41999816894531,45.66999816894531,45.150001525878906,45.400001525878906,4536400,RPRX
2026-02-25 05:00:00+00:00,45.130001068115234,45.619998931884766,45.0099983215332,45.150001525878906,2822300,RPRX
2026-02-26 05:00:00+00:00,45.20000076293945,45.779998779296875,44.875,45.36000061035156,2573600,RPRX
2026-02-27 05:00:00+00:00,45.439998626708984,46.369998931884766,45.2599983215332,46.209999084472656,4176900,RPRX
2026-03-02 05:00:00+00:00,45.869998931884766,47.5,45.79999923706055,47.470001220703125,4414000,RPRX
2026-03-03 05:00:00+00:00,46.880001068115234,47.654998779296875,46.439998626708984,47.47999954223633,3718800,RPRX
2026-03-04 05:00:00+00:00,47.5,47.86000061035156,47.25,47.43000030517578,4344600,RPRX
2026-03-05 05:00:00+00:00,47.040000915527344,47.209999084472656,45.224998474121094,45.68000030517578,3384600,RPRX
2026-03-06 05:00:00+00:00,45.59000015258789,45.68000030517578,44.939998626708984,45.40999984741211,2700900,RPRX
2026-03-09 04:00:00+00:00,45.40999984741211,45.935001373291016,45.26499938964844,45.84000015258789,3899800,RPRX
2026-03-10 04:00:00+00:00,45.90999984741211,46.34000015258789,45.70000076293945,45.970001220703125,2395300,RPRX
2026-03-11 04:00:00+00:00,45.939998626708984,46.81999969482422,45.54999923706055,46.689998626708984,2709300,RPRX
2026-03-12 04:00:00+00:00,46.369998931884766,46.494998931884766,45.6349983215332,45.869998931884766,3834800,RPRX
2026-03-13 04:00:00+00:00,45.900001525878906,46.130001068115234,45.31100082397461,45.650001525878906,2682100,RPRX
2026-03-16 04:00:00+00:00,45.83000183105469,46.435001373291016,45.77000045776367,46.099998474121094,2397100,RPRX
2026-03-17 04:00:00+00:00,46.20000076293945,46.38999938964844,46.0,46.11000061035156,4352600,RPRX
2026-03-18 04:00:00+00:00,46.130001068115234,46.13999938964844,45.46500015258789,45.790000915527344,3237800,RPRX
2026-03-19 04:00:00+00:00,45.779998779296875,45.96500015258789,45.209999084472656,45.529998779296875,2763900,RPRX
2026-03-20 04:00:00+00:00,45.77000045776367,46.099998474121094,44.72999954223633,45.36000061035156,8391400,RPRX
2026-03-23 04:00:00+00:00,45.935001373291016,46.060001373291016,45.040000915527344,45.61000061035156,3795300,RPRX
2026-03-24 04:00:00+00:00,45.2400016784668,45.89500045776367,45.150001525878906,45.56999969482422,2490500,RPRX
2026-03-25 04:00:00+00:00,45.79999923706055,47.08000183105469,45.790000915527344,47.029998779296875,3268100,RPRX
2026-03-26 04:00:00+00:00,46.95000076293945,47.540000915527344,46.814998626708984,46.939998626708984,3216500,RPRX
2026-03-27 04:00:00+00:00,46.994998931884766,47.33000183105469,46.060001373291016,46.349998474121094,2709900,RPRX
2026-03-30 04:00:00+00:00,46.470001220703125,46.7400016784668,46.099998474121094,46.369998931884766,2274900,RPRX
2026-03-31 04:00:00+00:00,46.810001373291016,47.97999954223633,46.68000030517578,47.970001220703125,3403000,RPRX
2026-04-01 04:00:00+00:00,47.9900016784668,48.75,47.97999954223633,48.4900016784668,3834900,RPRX
2026-04-02 04:00:00+00:00,48.25,49.060001373291016,48.209999084472656,48.56999969482422,2730400,RPRX
2026-04-06 04:00:00+00:00,47.97999954223633,48.38999938964844,47.275001525878906,47.31999969482422,2766000,RPRX
2026-04-07 04:00:00+00:00,47.0,47.119998931884766,46.53499984741211,46.869998931884766,2626300,RPRX
2026-04-08 04:00:00+00:00,47.220001220703125,48.084999084472656,46.9900016784668,47.900001525878906,2653600,RPRX
2026-04-09 04:00:00+00:00,47.7599983215332,48.599998474121094,47.435001373291016,48.29999923706055,2220600,RPRX
2026-04-10 04:00:00+00:00,48.29999923706055,48.36000061035156,47.72999954223633,47.900001525878906,2369800,RPRX
2026-04-13 04:00:00+00:00,47.869998931884766,48.720001220703125,47.810001373291016,48.43000030517578,2859300,RPRX
2026-04-14 04:00:00+00:00,48.400001525878906,49.0099983215332,48.349998474121094,48.81999969482422,3887100,RPRX
2026-04-15 04:00:00+00:00,48.88999938964844,48.97999954223633,48.07500076293945,48.70000076293945,1897600,RPRX
2026-04-16 04:00:00+00:00,48.5,48.970001220703125,48.22999954223633,48.47999954223633,2107800,RPRX
2026-04-17 04:00:00+00:00,48.599998474121094,50.0,48.349998474121094,50.0,3036200,RPRX
2026-04-20 04:00:00+00:00,49.54999923706055,50.07500076293945,49.25,49.29999923706055,2524300,RPRX
2026-04-21 04:00:00+00:00,49.59000015258789,49.79999923706055,48.880001068115234,49.47999954223633,4271100,RPRX
2026-04-22 04:00:00+00:00,49.47999954223633,49.970001220703125,49.220001220703125,49.720001220703125,2618000,RPRX
2026-04-23 04:00:00+00:00,49.90999984741211,49.93000030517578,49.15999984741211,49.63999938964844,2081200,RPRX
2026-04-24 04:00:00+00:00,49.63999938964844,49.90999984741211,49.20000076293945,49.380001068115234,1984500,RPRX
2026-04-27 04:00:00+00:00,49.29999923706055,50.060001373291016,49.29999923706055,49.650001525878906,4114200,RPRX
2026-04-28 04:00:00+00:00,50.119998931884766,50.25,49.33000183105469,49.540000915527344,4895700,RPRX
